2.280977725982666016e+00
2.290053653717040838e+00
2.286124610900878817e+00
2.281650352478027166e+00
2.282918739318847479e+00
2.292288446426391513e+00
2.308373641967773615e+00
2.293151664733886541e+00
2.260390710830688654e+00
2.292288541793823242e+00
2.277745151519775302e+00
2.264920425415039240e+00
2.275156402587890536e+00
2.278430366516113192e+00
2.264791536331176580e+00
2.286261367797851385e+00
2.271446943283081055e+00
2.249430322647094638e+00
2.263466787338257014e+00
2.265929889678955256e+00
2.274053621292114080e+00
2.265384149551391779e+00
2.262317991256713956e+00
2.251253557205200373e+00
2.259343862533569336e+00
2.259995937347412109e+00
2.244507265090942560e+00
2.260505008697509588e+00
2.232531738281250178e+00
2.244972229003906250e+00
2.243304252624511719e+00
2.241281700134277521e+00
2.238109159469604315e+00
2.250510787963867276e+00
2.216945362091064631e+00
2.228422307968139560e+00
2.249427175521850675e+00
2.212754106521606534e+00
2.240557718276977361e+00
2.220196580886840909e+00
2.220505905151367365e+00
2.233555984497070490e+00
2.221666240692138583e+00
2.230845260620117010e+00
2.214317798614501953e+00
2.225188159942626864e+00
2.196133136749267578e+00
2.208364915847778498e+00
2.198576641082763850e+00
2.205816936492920100e+00
2.232635688781738459e+00
2.211105442047119229e+00
2.230760335922241211e+00
2.205277585983276278e+00
2.202220344543456942e+00
2.205362844467162908e+00
2.184260797500610529e+00
2.221179914474487482e+00
2.206618881225586026e+00
2.201059770584106623e+00
2.162580108642578214e+00
2.204662609100341619e+00
2.199235582351684481e+00
2.175837182998657138e+00
2.197886323928833097e+00
2.175293254852294744e+00
2.181902837753296076e+00
2.168491268157958896e+00
2.210963726043701172e+00
2.175679016113281072e+00
2.153278446197509854e+00
2.183770132064819514e+00
2.164559555053711115e+00
2.148099899291992188e+00
2.154692888259887695e+00
2.159629726409912021e+00
2.173639011383056818e+00
2.174698829650878906e+00
2.159696197509765714e+00
2.171449518203735440e+00
2.126246643066406428e+00
2.169565820693969638e+00
2.106206703186034979e+00
2.134577178955078036e+00
2.130219078063964933e+00
2.135662364959716619e+00
2.135355854034423739e+00
2.131980276107788175e+00
2.132984304428100497e+00
2.124767255783081232e+00
2.131579971313476651e+00
2.128443765640258611e+00
2.096344947814941406e+00
2.149857997894287109e+00
2.119392538070678622e+00
2.100771045684814542e+00
2.105978870391845614e+00
2.117037343978881658e+00
2.084855270385742365e+00
2.121710443496704013e+00
2.108515501022338867e+00
2.128628921508789240e+00
2.085380935668945224e+00
2.074950551986694425e+00
2.074186658859253019e+00
2.070595788955688299e+00
2.086403989791870028e+00
2.127066087722778498e+00
2.085456037521362216e+00
2.088103723526001154e+00
2.031351399421692072e+00
2.095292258262634100e+00
2.107427406311034979e+00
2.093631172180175692e+00
2.055272960662841708e+00
2.048369431495666415e+00
2.092389583587646484e+00
2.054546427726745783e+00
2.052331590652465731e+00
2.079112768173217773e+00
2.010763740539550870e+00
2.038045978546142667e+00
2.016584086418151678e+00
2.029427695274352850e+00
2.061086010932922541e+00
2.065996265411377042e+00
2.018499088287353693e+00
2.050863456726074396e+00
2.031738138198852628e+00
2.029355049133300781e+00
2.038309574127197266e+00
2.036176872253418146e+00
2.013166451454162509e+00
2.038039302825927823e+00
2.011410665512085139e+00
2.033429431915283025e+00
1.992709589004516557e+00
2.040724945068359553e+00
2.027137303352355868e+00
2.043031549453735440e+00
2.025976586341857733e+00
2.008767938613891690e+00
1.943732166290283114e+00
1.973735928535461426e+00
1.959407305717468351e+00
1.992649126052856490e+00
2.001534461975097656e+00
1.961344337463378995e+00
1.930601263046264560e+00
1.952822923660278320e+00
1.945198965072631792e+00
1.961522960662841708e+00
1.958724570274352983e+00
1.942465734481811479e+00
1.984871673583984419e+00
1.954457163810729980e+00
1.978703880310058505e+00
1.954482626914977983e+00
1.976401853561401412e+00
1.961016368865966752e+00
1.978380036354064897e+00
1.900086736679077237e+00
1.918532276153564364e+00
1.942469000816345215e+00
1.937258982658386142e+00
1.904342508316040128e+00
1.914792490005493120e+00
1.875442528724670321e+00
1.949170351028442383e+00
1.953969788551330522e+00
1.909261345863342285e+00
1.908450603485107422e+00
1.909857320785522505e+00
1.887810659408569292e+00
1.898927354812621981e+00
1.903816699981689453e+00
1.879997467994690030e+00
1.912194061279296919e+00
1.945782351493835494e+00
1.881764030456543058e+00
1.915644598007202104e+00
1.884536385536193848e+00
1.825951409339904741e+00
1.920652675628662154e+00
1.892667436599731356e+00
1.865795469284057706e+00
1.847295928001403853e+00
1.852209496498107955e+00
1.875906729698181064e+00
1.879888486862182573e+00
1.802374982833862216e+00
1.866624045372009322e+00
1.868592405319213778e+00
1.827779769897460938e+00
1.786320972442626998e+00
1.910206413269043058e+00
1.836960053443908780e+00
1.795528411865234375e+00
1.823695158958435147e+00
1.816335415840149015e+00
1.844251203536987349e+00
1.838493227958679199e+00
1.791095256805419922e+00
1.829748535156249911e+00
1.766778445243835538e+00
1.833725404739379838e+00
1.817449593544006259e+00
1.751692199707031161e+00
1.777454018592834473e+00
1.767844295501709073e+00
1.771360063552856356e+00
1.819549250602722212e+00
1.780201005935668990e+00
1.763598489761352583e+00
1.810995912551879972e+00
1.796753883361816406e+00
1.747319030761718794e+00
1.845065903663635209e+00
1.781664848327636719e+00
1.737150740623474077e+00
1.710408663749694913e+00
1.706551504135131792e+00
1.787557864189147860e+00
1.750283479690551758e+00
1.759392404556274325e+00
1.738602447509765669e+00
1.738026738166809082e+00
1.729429388046264560e+00
1.667682433128356845e+00
1.724176883697509766e+00
1.749718523025512784e+00
1.721500039100646973e+00
1.714167308807373002e+00
1.719915246963501065e+00
1.716129994392395108e+00
1.767678880691528231e+00
1.715137195587158159e+00
1.704738378524780273e+00
1.668927955627441451e+00
1.742014646530151367e+00
1.701963376998901323e+00
1.676182436943054244e+00
1.666971421241760343e+00
1.714726471900939853e+00
1.749521613121032715e+00
1.654411363601684615e+00
1.711460232734680176e+00
1.648391056060791060e+00
1.663057112693786532e+00
1.665655851364135742e+00
1.667747449874877885e+00
1.611740970611572177e+00
1.664117169380187944e+00
1.633354306221008301e+00
1.544307637214660689e+00
1.572572779655456499e+00
1.626273345947265581e+00
1.661758971214294389e+00
1.615353322029113858e+00
1.608495688438415616e+00
1.596887373924255282e+00
1.593594694137573153e+00
1.621140265464782626e+00
1.583169555664062589e+00
1.620567464828491122e+00
1.542647528648376509e+00
1.584686303138732821e+00
1.579223561286926314e+00
1.642163538932800204e+00
1.604601597785949796e+00
1.544060754776001021e+00
1.638709473609924361e+00
1.610810399055480957e+00
1.594114375114440874e+00
1.551387739181518510e+00
1.537461066246032626e+00
1.487781214714050337e+00
1.493851947784423873e+00
1.519526863098144442e+00
1.515653014183044434e+00
1.506710147857666104e+00
1.565121197700500399e+00
1.555633306503295898e+00
1.454188323020935147e+00
1.500406861305236816e+00
1.559962725639343351e+00
1.523791170120239347e+00
1.504241561889648526e+00
1.526177763938903809e+00
1.494569969177246049e+00
1.452693414688110307e+00
1.542272806167602539e+00
1.444377779960632324e+00
1.500648689270019487e+00
1.500689864158630371e+00
1.480105113983154252e+00
1.390199923515319735e+00
1.468534421920776323e+00
1.432356047630310103e+00
1.373587203025817827e+00
1.440899157524108798e+00
1.486865448951721236e+00
1.535806441307067782e+00
1.367171669006347567e+00
1.517861604690551758e+00
1.434834361076354980e+00
1.395553421974182084e+00
1.411162161827087314e+00
1.431069803237914995e+00
1.476735997200012251e+00
1.335091376304626376e+00
1.422321701049804599e+00
1.444120979309082120e+00
1.364433956146240190e+00
1.455687880516052246e+00
1.432320261001586825e+00
1.420665574073791459e+00
1.430543255805969194e+00
1.446865129470825240e+00
1.344984054565429688e+00
1.320388078689575195e+00
1.395837831497192427e+00
1.297158002853393555e+00
1.395757174491882413e+00
1.344615936279296875e+00
1.383443689346313565e+00
1.352347350120544522e+00
1.422939372062683061e+00
1.331601190567016646e+00
1.392489004135131880e+00
1.448327994346618741e+00
1.274520611763000577e+00
1.431490755081176847e+00
1.412656307220458984e+00
1.345894432067871183e+00
1.275530409812927202e+00
1.410698342323303267e+00
1.276991415023803755e+00
1.312593793869018644e+00
1.263890099525451616e+00
1.352151584625244096e+00
1.267753744125366122e+00
1.368496966361999467e+00
1.338181853294372559e+00
1.314686685800552368e+00
1.365797948837280229e+00
1.282098412513732910e+00
1.277512073516845703e+00
1.237744569778442383e+00
1.367380452156066850e+00
1.266577792167663530e+00
1.309311652183532626e+00
1.324357485771179288e+00
1.344761300086975142e+00
1.379834794998168856e+00
1.194823634624481157e+00
1.356361579895019487e+00
1.273669886589050337e+00
1.252809977531433194e+00
1.193649506568908780e+00
1.234019804000854537e+00
1.355748462677001998e+00
1.170766806602478116e+00
1.216617059707641557e+00
1.254889798164367631e+00
1.294077444076538130e+00
1.279966545104980424e+00
1.237774038314819247e+00
1.265726876258850053e+00
1.252087402343750044e+00
1.355684685707092330e+00
1.183984351158142045e+00
1.292210483551025302e+00
1.246376514434814453e+00
1.225457000732421919e+00
1.229309034347534135e+00
1.256295680999755859e+00
1.242844510078430220e+00
1.280168294906616211e+00
1.243935990333557173e+00
1.165529108047485440e+00
1.221895527839660600e+00
1.228609991073608354e+00
1.182821893692016513e+00
1.289392662048339799e+00
1.298546290397644132e+00
1.315197110176086426e+00
1.208561539649963379e+00
1.177488327026367188e+00
1.165321278572082564e+00
1.234691095352172807e+00
1.152548301219940230e+00
1.171880900859832764e+00
1.138072848320007324e+00
1.179711985588073775e+00
1.245630836486816495e+00
1.142925381660461426e+00
1.156736123561859175e+00
1.240561783313751221e+00
1.141487479209899902e+00
1.190064609050750732e+00
1.127516937255859331e+00
1.217252159118652255e+00
1.276870083808898881e+00
1.182300186157226651e+00
1.099942421913147061e+00
1.125399422645568803e+00
1.137135338783264116e+00
1.127533984184265092e+00
1.129807794094085605e+00
1.191245222091674716e+00
1.259831070899963379e+00
1.139198255538940385e+00
1.116812729835510165e+00
1.216576337814331055e+00
1.213728523254394620e+00
1.077365398406982422e+00
1.151436138153076216e+00
1.123165619373321489e+00
1.091837835311889604e+00
1.039189076423645108e+00
1.007368600368499845e+00
1.082303774356841997e+00
1.158005440235137851e+00
1.050411009788513095e+00
1.159013032913208008e+00
1.119327378273010209e+00
1.032241237163543657e+00
1.123964583873748868e+00
1.095111870765685946e+00
1.058805549144744784e+00
1.186355018615722567e+00
1.035664308071136519e+00
1.072142720222473145e+00
1.007085883617401034e+00
1.167973494529724210e+00
1.127061307430267334e+00
1.077512764930725009e+00
1.124378967285156294e+00
1.051793646812438920e+00
1.094240987300872714e+00
1.037878823280334428e+00
1.124854350090026767e+00
1.049096429347991855e+00
1.075272059440612882e+00
1.016478073596954301e+00
1.124567615985870406e+00
1.007346665859222501e+00
9.148690462112426536e-01
1.133730447292327970e+00
1.091811835765838623e+00
1.131670904159545854e+00
1.013466525077819869e+00
1.061141169071197599e+00
1.119785583019256681e+00
1.034769499301910312e+00
1.042483508586883545e+00
1.019187617301940962e+00
1.045565485954284668e+00
1.089385616779327437e+00
1.110313093662262052e+00
1.121611261367797763e+00
1.047347414493560835e+00
1.031412911415100053e+00
9.646996736526489702e-01
9.765049099922180620e-01
9.683903306722640991e-01
1.114508247375488370e+00
1.041379642486572221e+00
1.080024302005767822e+00
8.890817284584044966e-01
9.438387155532836914e-01
1.030300784111022994e+00
1.013356757164001420e+00
9.610904335975647417e-01
1.039960515499114946e+00
1.083661544322967574e+00
9.921653747558594194e-01
1.025818097591400191e+00
9.533625245094299316e-01
1.041348707675933793e+00
1.072068893909454257e+00
1.025090777873992831e+00
1.080657887458801314e+00
9.858026266098022239e-01
1.056576323509216264e+00
1.002404582500457719e+00
9.410519361495971458e-01
8.846149563789367232e-01
1.034166431427002042e+00
1.101204514503479004e+00
1.028505969047546431e+00
1.080674672126769931e+00
1.036046683788299561e+00
9.666469693183898926e-01
9.702963590621948020e-01
9.690148234367370605e-01
9.226076602935791016e-01
1.082908558845520064e+00
9.764271497726439986e-01
9.182804107666016069e-01
9.933217525482177512e-01
9.784129977226256880e-01
1.008232903480529741e+00
9.189629077911376509e-01
9.072014451026916282e-01
1.006519520282745273e+00
9.740509152412414329e-01
8.932567477226257546e-01
1.054107558727264360e+00
9.232223749160766157e-01
9.329432249069213867e-01
8.664730548858642356e-01
8.404976010322571245e-01
9.673669695854186790e-01
9.319257974624634011e-01
1.053296828269958407e+00
8.962219357490539551e-01
8.127402305603027566e-01
9.174130320549011008e-01
9.871815562248229536e-01
1.018349444866180509e+00
9.687994718551635742e-01
1.010649967193603560e+00
8.855167984962463157e-01
9.413452744483947754e-01
1.043414092063903897e+00
9.838513970375061257e-01
9.987787723541259322e-01
1.028740751743316695e+00
9.922293066978454812e-01
9.250125646591186301e-01
9.593641996383667214e-01
9.692708611488342063e-01
1.016126573085784912e+00
9.735199570655822532e-01
9.213620543479918990e-01
9.966158390045165572e-01
9.646430611610412598e-01
9.006595849990844949e-01
8.672171950340270552e-01
8.457066178321838157e-01
9.276545524597168413e-01
9.321635603904724343e-01
8.774282813072205034e-01
7.987777352333068626e-01
8.660513401031494363e-01
8.774603247642517312e-01
9.431414365768432395e-01
9.389496922492981401e-01
9.121593713760376421e-01
8.614598274230956809e-01
8.725295662879943848e-01
8.760785102844238503e-01
9.360234737396240234e-01
9.482831478118896040e-01
8.584396600723266380e-01
8.334518551826477495e-01
9.496817708015441450e-01
7.249740600585937722e-01
8.030585050582885742e-01
8.445082187652588335e-01
8.643101692199707253e-01
8.784552931785583052e-01
9.989188790321350542e-01
8.703273534774780273e-01
8.546303629875182661e-01
9.116996765136718972e-01
8.302202582359313743e-01
8.019467115402221236e-01
8.564379334449767622e-01
7.949665307998656782e-01
8.400526523590088335e-01
9.406543970108032227e-01
9.089771270751952903e-01
8.601560354232787864e-01
8.814533948898315430e-01
9.685475707054138628e-01
9.243145823478698953e-01
9.442307233810425249e-01
8.756878495216369185e-01
8.394289970397948997e-01
9.346835255622863992e-01
8.644709467887878862e-01
9.183452010154724565e-01
7.694080710411071999e-01
8.399397134780883789e-01
8.310896754264831543e-01
9.472576022148132546e-01
9.665331840515136719e-01
8.673538208007812722e-01
8.939136743545532671e-01
8.773594379425049272e-01
9.073609471321105735e-01
8.653703808784485307e-01
8.549488544464111106e-01
7.741060018539428489e-01
8.406022548675536887e-01
7.998734593391418901e-01
9.082116723060608132e-01
9.222274303436279741e-01
8.744549274444579634e-01
8.790786981582641157e-01
9.481924653053284135e-01
1.004290199279785245e+00
8.300497055053710493e-01
8.333959102630614790e-01
8.633753418922424094e-01
8.583523154258727583e-01
7.868716597557068315e-01
9.047804713249206765e-01
9.387572765350341575e-01
8.322930455207824263e-01
8.869386076927184837e-01
7.705656170845032182e-01
8.375890970230102095e-01
8.459048390388488325e-01
9.743945837020874245e-01
7.708368062973022239e-01
6.492145895957946999e-01
7.570536851882934126e-01
8.998675584793091042e-01
8.299744606018066850e-01
8.530856609344482644e-01
7.551067829132079856e-01
8.904905080795287864e-01
8.695533394813537154e-01
9.487102150917052779e-01
8.432111978530884011e-01
8.183171629905701128e-01
8.340142369270324707e-01
8.897818922996520996e-01
7.901439547538757768e-01
7.815858364105224831e-01
8.817987799644469993e-01
9.170882582664490190e-01
8.874260663986206499e-01
8.137279987335205300e-01
8.029743313789368120e-01
8.369652748107909712e-01
7.572001814842224121e-01
8.158305644989013450e-01
8.283356547355651411e-01
7.888350844383239524e-01
8.413974642753601074e-01
7.834033966064453125e-01
7.197181105613708052e-01
7.814671397209167480e-01
7.401197195053100808e-01
7.654298543930053711e-01
8.729897379875183328e-01
7.249585270881653276e-01
8.347850680351257546e-01
9.388131976127624956e-01
7.550901532173156516e-01
9.011033415794372781e-01
9.312668561935424361e-01
7.915446043014526811e-01
7.486207783222198486e-01
9.052174806594848189e-01
8.269372820854187234e-01
7.213604569435119185e-01
9.035986781120299849e-01
8.626018047332764116e-01
7.236248373985290083e-01
8.405814290046691450e-01
7.798505544662475142e-01
7.274202227592467818e-01
8.557088971138000488e-01
8.674631237983703169e-01
7.411605000495911089e-01
7.299575686454773393e-01
8.335367679595947488e-01
7.804913997650146928e-01
7.803712725639343484e-01
7.925755500793456587e-01
6.702659606933594194e-01
8.646718025207519309e-01
7.782652139663696067e-01
7.644297122955322488e-01
9.129387140274047852e-01
8.122085571289062722e-01
8.180869817733764648e-01
7.749291777610778365e-01
7.412187218666076438e-01
7.244293093681335449e-01
7.624917387962341087e-01
8.505804181098938210e-01
8.522894382476806641e-01
7.395013928413390891e-01
7.216247439384460005e-01
7.032943129539489524e-01
7.915391564369201882e-01
6.895923376083373801e-01
7.144602060317992720e-01
8.009255647659301314e-01
6.510536551475525346e-01
9.847108364105224831e-01
7.378662109375000444e-01
6.435780525207519531e-01
6.494174242019653542e-01
8.141821742057799849e-01
8.772019028663635698e-01
7.894055187702179177e-01
7.956086754798888938e-01
7.988705754280089888e-01
7.322093367576598677e-01
7.746257185935974121e-01
7.513232231140136719e-01
7.139343500137329546e-01
7.530556917190551758e-01
5.892994999885559082e-01
7.136428117752074973e-01
8.723800659179687944e-01
8.136238098144531472e-01
6.720165729522704634e-01
7.667021632194519487e-01
7.716310977935790794e-01
7.664890408515929732e-01
7.726816892623901145e-01
6.797240376472473145e-01
8.653101086616515891e-01
8.414795935153961404e-01
7.378680348396301492e-01
8.036666989326477495e-01
7.376189351081847700e-01
7.948958635330199973e-01
7.614417850971222368e-01
7.158997416496276633e-01
7.683318495750427468e-01
9.100809812545775923e-01
8.301449298858643022e-01
8.124956935644149780e-01
7.001717448234557883e-01
7.922682046890259233e-01
7.028871774673461914e-01
7.119729995727539507e-01
6.677780866622924361e-01
8.108152985572815163e-01
8.391357898712158425e-01
7.637194931507110818e-01
7.907529473304748535e-01
7.918017685413361040e-01
6.874699473381042925e-01
6.929245352745055930e-01
7.556710243225097656e-01
7.838475584983826128e-01
8.061332941055298074e-01
6.704568624496459739e-01
5.727288365364074929e-01
7.929568290710449219e-01
7.773517012596130593e-01
6.588167190551758035e-01
6.651754856109619585e-01
8.093975186347961426e-01
7.856766700744628462e-01
7.429029464721679243e-01
6.673421740531921831e-01
6.076007366180420366e-01
8.184327483177185059e-01
8.375138998031615989e-01
7.009288430213928001e-01
7.157825231552124023e-01
6.876327455043792503e-01
7.103847861289978027e-01
7.025075614452361839e-01
6.908816218376159224e-01
6.791526675224304199e-01
8.445604681968689187e-01
7.170539617538451704e-01
7.650860667228698286e-01
6.874527215957642046e-01
6.012884318828582986e-01
6.932402312755584495e-01
7.365597605705260786e-01
6.622088313102721946e-01
7.027353644371032715e-01
7.140905022621154563e-01
7.363463163375854048e-01
7.185609221458435503e-01
7.012409269809722900e-01
7.762717843055725320e-01
8.028044700622558594e-01
6.208106875419616699e-01
5.937386631965637651e-01
7.068170428276061568e-01
6.351988196372986284e-01
6.717308342456818071e-01
7.352427959442138228e-01
7.342420697212219682e-01
8.387067794799805132e-01
6.558334946632384810e-01
7.949633717536925825e-01
8.267227411270141602e-01
6.089361310005187988e-01
6.335751891136169878e-01
6.817227125167846236e-01
7.814400672912598100e-01
7.829826235771178977e-01
7.673536419868469682e-01
6.560216903686523215e-01
7.141202747821807639e-01
6.699249863624572310e-01
5.679561018943786177e-01
6.611579179763793501e-01
7.251460671424865279e-01
7.080889225006103960e-01
7.026508927345276323e-01
6.959877967834472434e-01
7.036481082439423052e-01
7.141267061233520508e-01
7.901156544685363770e-01
7.258480072021484819e-01
6.467224001884460671e-01
5.200307488441466841e-01
6.875847578048706055e-01
6.694461643695831521e-01
7.180379092693328635e-01
7.757858037948608398e-01
6.978406071662902610e-01
7.593558192253112571e-01
6.038147687911987749e-01
5.941347718238830788e-01
8.114309549331665261e-01
6.031324386596679243e-01
6.038872718811034712e-01
6.628981590270995872e-01
6.417337894439697488e-01
7.242315649986267312e-01
7.333241105079650879e-01
7.665365040302276611e-01
7.152560114860534446e-01
5.219242036342620628e-01
6.979649662971496582e-01
6.927909255027770996e-01
7.435702562332153764e-01
7.046848297119140403e-01
6.179644703865051492e-01
6.465950012207031250e-01
6.920311152935028076e-01
6.036342620849609597e-01
6.941957414150238259e-01
6.088330984115600808e-01
7.242424428462982400e-01
7.837156176567077193e-01
6.366057276725769487e-01
6.536460757255554421e-01
6.330548524856567383e-01
7.611397862434386985e-01
7.405135750770568404e-01
6.640792131423950417e-01
6.520593881607055220e-01
7.205216288566589355e-01
7.320814132690429688e-01
5.111094892024994341e-01
7.272578597068786177e-01
8.552272081375121848e-01
7.040186643600463423e-01
6.633853137493133101e-01
5.882938742637634499e-01
7.554006576538085938e-01
6.049210906028748003e-01
6.845805227756500688e-01
7.856129407882690430e-01
6.091244161128998025e-01
6.623364806175231490e-01
7.136423707008361372e-01
5.688419580459594949e-01
6.501268506050109641e-01
6.676090657711029053e-01
6.377754092216492143e-01
6.911936581134796587e-01
6.298420190811157005e-01
7.260805368423461914e-01
7.698488116264343706e-01
6.021440744400023970e-01
5.877238750457763894e-01
6.261662244796752930e-01
6.329677700996398926e-01
7.695524454116821067e-01
6.271778225898743120e-01
6.896573066711425559e-01
6.713772714138031006e-01
6.333889603614807351e-01
7.774356365203857200e-01
7.494564771652221236e-01
5.678971648216247781e-01
6.638627588748932107e-01
7.104447484016418457e-01
6.896260440349578635e-01
7.077025175094604492e-01
6.539827823638916238e-01
6.514083385467529519e-01
6.141589641571044700e-01
5.063897848129272905e-01
6.307513892650604692e-01
7.512739539146423562e-01
7.014472126960754617e-01
6.177704811096191850e-01
6.619737386703491433e-01
5.471004486083984597e-01
6.850056767463683638e-01
6.716429591178894043e-01
6.481447815895080566e-01
6.809592664241790327e-01
5.638748645782470925e-01
5.968821823596954790e-01
6.261363923549652100e-01
6.409780383110046387e-01
7.054170370101928711e-01
6.384483158588409868e-01
7.262533426284789595e-01
5.826144218444824219e-01
6.821928858757019265e-01
6.315244317054748979e-01
6.957598388195037620e-01
5.832719147205353005e-01
6.744911432266235130e-01
6.528118431568146196e-01
6.593066751956939697e-01
6.768418788909912331e-01
6.144775271415710005e-01
7.237102389335632324e-01
6.758585095405578169e-01
5.775869071483612505e-01
6.144203662872314009e-01
6.374695539474487527e-01
7.147092223167419434e-01
5.629497408866882546e-01
6.971089124679565874e-01
5.071165263652801514e-01
5.834235846996307373e-01
6.670707821846008079e-01
7.079758763313293013e-01
6.995085477828979492e-01
6.328896820545196755e-01
6.737933635711670366e-01
6.596658587455749290e-01
6.632328569889068826e-01
4.946191012859344482e-01
5.520054161548614280e-01
6.466797709465026411e-01
6.985969543457031250e-01
4.738739430904388428e-01
6.849965274333953413e-01
6.317629098892212358e-01
6.376509070396423340e-01
5.813766598701477495e-01
5.601784706115722212e-01
4.998298108577728383e-01
5.666199147701262984e-01
6.973705291748046875e-01
5.436851084232330322e-01
7.655167460441589800e-01
6.805357456207274947e-01
6.573898315429687056e-01
7.058425307273864524e-01
6.890646338462829146e-01
6.731238305568695290e-01
6.453638434410094993e-01
5.968605279922485352e-01
6.129494309425354004e-01
6.838218450546265093e-01
6.240006685256958008e-01
5.141026020050049050e-01
6.676536321640014204e-01
5.187006771564484087e-01
5.316159248352050337e-01
6.888596653938293679e-01
5.706474125385284646e-01
4.733667731285094993e-01
5.582677543163299116e-01
6.291211485862732156e-01
6.584038674831390603e-01
5.757261335849761519e-01
7.663829922676086426e-01
7.090560913085937056e-01
6.065818905830383523e-01
5.319773018360137717e-01
6.092849552631378618e-01
5.410711824893951194e-01
6.282761573791504350e-01
6.319673240184784380e-01
5.727734446525574175e-01
6.900619029998779075e-01
6.428400278091430664e-01
6.780248403549193892e-01
6.350093126296997292e-01
5.993208765983581987e-01
5.902876079082488570e-01
6.321918964385986328e-01
6.311484932899474876e-01
5.850394189357757124e-01
6.025715291500091109e-01
6.072931408882140669e-01
5.737224459648132546e-01
7.095554709434509499e-01
5.320117354393005815e-01
6.108978211879729781e-01
6.476128876209259477e-01
6.763428509235381858e-01
5.969420433044433372e-01
5.535563051700591597e-01
5.869794130325317605e-01
5.001654207706451860e-01
5.678386986255645752e-01
5.024587810039520264e-01
6.835287570953368919e-01
6.440892219543457031e-01
6.732278108596801980e-01
5.427409470081329124e-01
5.336191117763519065e-01
5.730998933315276656e-01
5.793117523193359597e-01
7.790641069412231889e-01
5.951418757438660112e-01
6.227992594242095503e-01
7.167383909225464311e-01
7.019573271274566206e-01
6.170213103294373003e-01
6.316065311431884322e-01
4.753549814224243275e-01
5.685906529426574263e-01
3.990296363830566628e-01
5.914962887763977051e-01
6.457460701465607134e-01
5.709740400314331499e-01
5.899133801460265669e-01
6.322931587696075661e-01
5.307402729988097700e-01
6.642004907131194846e-01
5.710189223289490190e-01
6.388640165328979270e-01
5.743653297424315962e-01
4.713783979415893666e-01
7.231385946273803933e-01
5.517136871814727339e-01
5.289715588092803733e-01
6.535183310508727583e-01
6.426034986972808394e-01
5.463851690292358398e-01
6.579988718032836470e-01
5.978125214576721635e-01
6.470549106597900391e-01
6.182414114475249800e-01
6.810428023338317427e-01
6.686247229576111062e-01
5.529613196849822998e-01
5.950345158576965110e-01
5.745624959468841331e-01
5.725033938884734885e-01
5.786059975624084917e-01
6.297983050346374068e-01
5.439257979393005149e-01
6.641382157802582231e-01
5.624794244766235796e-01
6.086587011814117432e-01
7.058063983917236550e-01
7.081394016742705855e-01
6.154025971889496294e-01
5.173192083835601585e-01
5.961466491222381370e-01
5.874431431293487549e-01
4.595545113086700328e-01
4.527293205261230247e-01
6.136019051074981245e-01
6.057200431823730469e-01
6.077474176883697066e-01
5.657232701778411865e-01
7.027310609817505327e-01
6.447142362594604492e-01
5.647416770458221214e-01
6.322355449199676958e-01
5.316835284233093484e-01
5.890725314617156760e-01
5.549427926540374534e-01
6.048388242721557395e-01
5.568939566612243208e-01
5.653554797172546387e-01
5.884619176387786421e-01
5.160359799861907737e-01
6.354298949241637962e-01
6.382714033126830611e-01
5.506888747215270552e-01
5.456699252128600630e-01
6.184360861778259721e-01
6.397621214389801469e-01
5.777571558952331321e-01
6.204296767711638960e-01
4.960269629955291748e-01
5.357262313365935835e-01
6.756474018096924050e-01
6.680158495903014693e-01
6.006713986396789995e-01
5.483346223831176980e-01
5.576534748077393022e-01
5.376297891139983909e-01
5.507381856441497803e-01
6.392275989055633545e-01
7.162295460700989214e-01
4.892882227897644154e-01
5.239579916000366433e-01
5.728576362133026567e-01
4.967562258243560791e-01
5.314290046691894087e-01
6.301862150430679321e-01
5.245716392993926558e-01
6.405206143856048140e-01
7.441828131675720659e-01
6.323679268360138384e-01
6.478371441364287886e-01
5.141652941703795943e-01
6.509130954742431419e-01
6.634295821189880593e-01
5.510470449924469438e-01
5.968447804450989214e-01
5.536343455314636230e-01
6.216339468955993652e-01
6.680166006088257280e-01
5.348255634307861328e-01
5.852620661258697288e-01
5.309787988662719727e-01
6.949386119842528853e-01
5.583147346973419411e-01
6.386180818080902100e-01
5.800988793373107466e-01
5.711003780364990456e-01
4.215575098991394265e-01
6.885456681251526101e-01
5.828307092189788374e-01
6.924313664436340110e-01
5.720655560493469460e-01
4.667245507240295188e-01
6.304559707641601562e-01
6.047400355339049849e-01
6.654497325420379861e-01
5.582971990108489546e-01
7.297003567218780518e-01
5.812139034271239790e-01
5.200629651546477827e-01
6.043055713176727073e-01
5.047207117080688699e-01
5.955088496208190696e-01
6.674645781517029031e-01
4.424261629581451305e-01
5.478173851966857688e-01
6.572424292564391646e-01
5.008540093898773415e-01
6.232221662998199685e-01
5.564906239509582742e-01
6.745654284954071267e-01
7.522825300693511963e-01
6.300869822502136453e-01
5.856025636196136031e-01
6.464798927307129350e-01
4.646417737007141335e-01
5.863220155239105003e-01
6.972697019577026589e-01
6.168123185634613037e-01
6.000514924526214600e-01
5.797278583049774170e-01
6.449121117591858354e-01
5.324326694011688454e-01
6.328612208366394265e-01
6.198309898376465066e-01
5.440671384334564431e-01
4.527469754219055065e-01
5.089043617248535378e-01
7.348550081253051314e-01
5.474234402179718462e-01
6.389707565307617410e-01
4.457080960273742676e-01
5.694279193878173384e-01
5.895642042160034180e-01
5.290168642997741255e-01
5.541393041610718218e-01
5.137368679046631081e-01
6.584975123405456543e-01
5.402708113193511741e-01
5.098459541797637495e-01
4.651822447776794434e-01
5.777092039585113303e-01
4.739695131778717263e-01
4.607531249523162953e-01
6.536668300628661887e-01
4.445440471172332764e-01
6.910714805126190186e-01
6.024705946445465532e-01
5.669269442558289018e-01
4.610067963600158469e-01
5.245167732238769087e-01
5.161653339862823930e-01
5.225351393222809060e-01
6.042151212692260520e-01
4.671239495277405007e-01
5.978222787380218506e-01
6.013104379177093284e-01
6.357438743114471880e-01
4.926280558109283336e-01
5.123387873172760010e-01
5.091206282377243042e-01
4.694582343101501576e-01
6.017120778560638428e-01
5.641305148601531982e-01
6.180921614170074019e-01
4.829839497804641613e-01
5.351915895938873513e-01
6.157212018966674583e-01
5.568658232688903365e-01
6.151021480560302512e-01
4.519973218441009633e-01
5.227211713790893555e-01
4.811761200428009144e-01
4.905216336250305398e-01
4.730395734310149924e-01
7.620588660240172896e-01
4.998697876930237038e-01
5.651115655899048296e-01
5.409175217151641624e-01
6.152683615684508833e-01
5.490875124931335893e-01
6.721304774284362349e-01
4.789749443531036155e-01
6.954368710517883079e-01
4.590218245983123668e-01
5.071622967720031960e-01
5.375590384006500022e-01
4.362209767103195079e-01
4.703090608119964711e-01
7.677649974822997603e-01
6.121509552001953569e-01
6.370468497276305930e-01
5.882905066013336404e-01
4.828038930892944447e-01
5.068938612937927690e-01
3.959100306034087913e-01
5.367587864398956077e-01
4.903866410255431907e-01
5.931251585483551247e-01
5.502341151237487571e-01
5.367040932178497314e-01
5.426082193851471391e-01
4.698020160198211892e-01
5.872236728668213113e-01
5.700686275959014893e-01
5.680281162261963113e-01
4.658264160156250222e-01
5.865573763847351518e-01
6.354629635810852273e-01
4.339573025703430398e-01
5.550787627696991411e-01
5.069433391094207986e-01
6.133587062358856201e-01
5.136948883533477561e-01
5.159750819206238015e-01
5.480039179325103538e-01
7.008123636245727761e-01
5.631168186664581299e-01
5.124930679798126443e-01
3.925234615802765115e-01
5.454985558986663596e-01
6.576299250125885454e-01
4.437210679054260365e-01
5.565056562423705833e-01
5.928034961223602739e-01
5.558269679546355979e-01
4.193281173706054910e-01
5.812560915946960449e-01
5.840331971645355003e-01
5.367319643497466819e-01
5.323756694793700950e-01
4.552705407142639271e-01
5.333299815654755083e-01
5.703400015830993874e-01
5.387282550334930864e-01
7.163003146648406760e-01
5.682823181152343306e-01
6.222150981426238792e-01
5.414061188697815163e-01
4.522370934486389382e-01
4.379895567893982156e-01
5.227830410003662109e-01
6.426460087299347146e-01
6.328295528888702171e-01
5.456619739532471147e-01
5.724212229251861572e-01
5.807934641838073953e-01
4.267360836267471424e-01
4.577719211578369363e-01
6.007206857204436812e-01
5.584325969219208208e-01
5.962390720844268355e-01
6.126665711402893288e-01
4.984116971492767445e-01
5.947409033775329368e-01
3.827546536922454834e-01
6.921455323696136253e-01
6.148623108863831010e-01
4.583205401897430531e-01
5.414052724838256392e-01
5.513882994651794212e-01
5.298572480678558350e-01
4.698399126529693715e-01
5.886756062507629839e-01
5.770021557807922807e-01
5.663419246673584428e-01
4.509626328945159912e-01
6.216218769550323486e-01
4.246327519416809304e-01
5.547935664653778076e-01
5.319641172885894997e-01
5.355350971221923828e-01
6.713922441005706343e-01
5.935621380805968794e-01
4.574841201305389626e-01
5.155010163784027322e-01
5.496412396430969682e-01
4.852669656276702992e-01
5.237790167331695113e-01
4.698034286499023215e-01
5.395923912525176780e-01
5.354397296905517578e-01
5.884421765804290771e-01
5.901787996292113814e-01
5.057550787925719771e-01
5.697201490402221680e-01
5.627797782421112283e-01
6.019742429256439431e-01
5.619324743747711182e-01
4.616539061069488414e-01
6.119227409362792969e-01
4.777681946754455677e-01
5.423342138528823853e-01
4.952612340450286976e-01
4.605571329593658447e-01
4.470352351665496937e-01
5.876735448837280273e-01
5.532366454601287398e-01
4.349054962396621815e-01
5.377964496612548384e-01
6.202024161815643533e-01
4.758318781852722279e-01
5.500539898872375266e-01
4.848537504673003928e-01
6.132854580879211204e-01
6.004816830158233865e-01
4.715396761894226074e-01
5.759445846080779585e-01
5.797445416450500710e-01
5.803702235221862571e-01
6.777876973152160422e-01
5.988636553287506326e-01
4.583238959312438965e-01
6.479034185409545676e-01
6.066070437431335671e-01
5.745398461818694846e-01
5.303472578525543213e-01
5.297187745571136919e-01
5.441155135631561279e-01
4.875718772411346547e-01
5.076236873865127563e-01
4.991150140762329324e-01
4.239782273769378551e-01
5.264488995075226052e-01
6.419837236404418723e-01
5.763103842735290971e-01
4.346305251121521107e-01
6.576446533203125222e-01
5.103902518749237061e-01
6.198194324970245361e-01
4.851026296615600364e-01
4.680030047893524170e-01
3.742047190666198953e-01
5.582710206508636475e-01
4.974966645240783691e-01
4.649442017078399547e-01
4.377165943384170310e-01
5.048897325992584006e-01
3.537260413169860951e-01
5.292652666568755659e-01
4.567326426506042591e-01
4.589164912700652854e-01
6.034922122955321822e-01
5.183995902538299783e-01
5.277781188488006592e-01
6.468472540378570335e-01
6.367026805877685769e-01
5.432550847530365212e-01
4.450427293777465820e-01
5.500561654567718284e-01
4.608685076236724854e-01
5.962472796440124734e-01
4.650964736938476562e-01
5.310164451599120872e-01
4.461617708206176980e-01
4.818793594837188499e-01
5.077881515026092529e-01
5.236255347728728804e-01
5.591260612010955366e-01
4.954969465732574352e-01
5.100614130496978760e-01
4.475792348384857178e-01
5.256408989429474099e-01
4.043729066848754661e-01
4.976974248886108509e-01
5.503186821937561257e-01
5.839452743530273438e-01
5.161819279193877730e-01
5.363900661468505859e-01
5.590689659118652788e-01
5.689312875270843284e-01
4.756879150867462380e-01
4.492628753185272106e-01
4.731148958206176647e-01
4.790807485580444447e-01
5.454138875007629172e-01
5.396095395088196245e-01
4.891273289918899314e-01
4.714731872081756592e-01
7.394755601882934126e-01
4.988720417022705078e-01
4.052195847034454346e-01
6.213797569274902566e-01
4.475258350372314231e-01
6.029162228107451948e-01
6.123262405395507590e-01
5.813950121402740034e-01
4.663642525672912487e-01
6.309401869773865190e-01
6.094376802444457786e-01
5.000919640064239724e-01
6.042937874794006570e-01
5.600551575422286765e-01
4.693699300289154164e-01
4.983790755271911843e-01
4.948135077953338401e-01
7.147444784641265869e-01
4.131762087345123291e-01
5.452776372432708296e-01
4.988957226276397594e-01
5.674120783805847168e-01
5.110207200050354004e-01
4.677544832229614258e-01
4.798228770494460949e-01
5.174690604209899458e-01
5.450525760650635210e-01
6.081887781620025635e-01
5.888920366764068826e-01
5.198248863220215066e-01
6.271044850349426492e-01
5.572004795074463335e-01
5.026234567165375200e-01
6.179848611354827881e-01
5.142758548259734885e-01
5.007216334342956543e-01
4.675895303487777599e-01
4.676443278789520486e-01
5.224565207958221658e-01
4.806417107582092174e-01
4.792323708534240723e-01
5.113168179988860640e-01
5.343367040157318559e-01
5.456847846508026123e-01
4.706402540206909291e-01
4.425665497779845969e-01
5.370255768299102561e-01
4.288389861583709606e-01
5.277082324028015137e-01
4.175259232521056907e-01
4.585962116718292347e-01
5.954380393028259055e-01
3.954972326755523682e-01
5.228953242301941362e-01
5.185019493103026900e-01
5.299866795539855957e-01
5.053556084632873091e-01
4.720156818628311046e-01
5.664456427097320779e-01
5.731220543384552002e-01
5.550994694232940230e-01
5.060348331928252730e-01
5.394106864929198997e-01
6.429921567440033403e-01
4.783370673656463512e-01
5.780258774757385254e-01
4.782065391540527566e-01
5.445244908332824707e-01
4.868288576602936013e-01
5.916405558586120828e-01
5.371948003768920454e-01
5.864434361457824263e-01
4.689805686473846325e-01
5.354084432125091331e-01
5.960016191005707009e-01
6.188111901283264160e-01
5.549204468727111372e-01
4.618884921073913574e-01
4.063233077526092751e-01
4.550355613231659158e-01
4.024253606796264759e-01
4.644780814647674339e-01
5.987495124340057595e-01
5.135111689567566362e-01
4.639689147472381703e-01
6.254873871803283691e-01
5.547749757766723411e-01
4.496315479278564231e-01
4.654566049575805664e-01
6.698601841926574707e-01
5.141544997692107932e-01
4.356184780597686657e-01
4.764487504959106223e-01
4.091377377510070912e-01
4.966609895229339711e-01
5.730437099933624046e-01
4.500495493412017822e-01
4.932963967323303334e-01
4.596716701984405740e-01
5.827356755733490434e-01
5.539341628551482932e-01
4.525664389133453591e-01
4.990057945251464844e-01
3.888569176197052002e-01
6.967947781085968018e-01
4.944727182388305442e-01
3.904668092727661133e-01
5.303598105907439964e-01
5.204033315181731956e-01
3.660522788763046487e-01
5.109632134437560591e-01
4.392895936965942605e-01
4.755241870880126953e-01
4.069963514804840199e-01
4.767749726772308461e-01
5.909459412097930464e-01
5.325842142105102761e-01
5.114919245243072510e-01
5.626420378684997559e-01
5.746566355228424072e-01
5.166704237461090532e-01
5.699389100074767622e-01
4.235849618911743386e-01
4.858771920204162376e-01
6.181514501571655495e-01
3.883388191461563110e-01
6.264573931694030762e-01
5.326532721519470215e-01
4.022518873214721569e-01
5.122846096754074541e-01
5.084767222404480425e-01
5.894021511077880415e-01
4.216939687728881725e-01
4.980844616889953391e-01
5.259287714958190696e-01
5.736532330513000044e-01
5.819633126258849654e-01
4.312598884105682262e-01
5.557317078113556130e-01
6.656226813793182373e-01
4.608724117279052734e-01
4.235729396343231312e-01
5.295768618583679421e-01
4.446083486080169567e-01
3.726185798645019753e-01
4.561192631721496804e-01
4.291435360908508190e-01
5.232859611511230247e-01
4.378251373767853005e-01
4.508975267410278431e-01
6.701011359691619873e-01
4.972688555717468262e-01
5.270442008972168191e-01
3.997471958398818859e-01
5.221966147422790749e-01
3.830006241798400990e-01
4.903204441070556641e-01
5.995662808418273926e-01
4.632232189178466797e-01
5.458436191082001177e-01
5.013917624950409158e-01
3.313430100679397583e-01
4.876074314117431752e-01
5.832041859626769797e-01
4.057657361030578835e-01
4.582148194313049316e-01
3.932728677988052146e-01
4.162483811378479004e-01
4.579120516777038796e-01
4.131696462631225808e-01
4.499096274375915527e-01
5.209113419055938499e-01
6.435711085796356201e-01
5.192589640617371050e-01
4.359479844570159912e-01
4.594043672084808239e-01
4.025981068611145242e-01
4.734160542488098367e-01
5.317582905292510542e-01
4.742366492748260609e-01
4.126813709735870361e-01
3.295614838600158802e-01
5.228958606719971147e-01
4.754071593284606712e-01
5.403482615947723389e-01
5.246654033660889116e-01
4.615943133831024170e-01
5.389533281326294167e-01
4.753560900688171276e-01
4.264269649982452282e-01
4.377927929162979126e-01
5.778734922409057839e-01
4.938663840293884277e-01
4.553442418575286976e-01
5.585668087005615234e-01
4.994984567165374756e-01
3.909404098987579457e-01
6.059676408767700195e-01
4.852235496044158825e-01
5.831667006015777144e-01
3.550486177206039207e-01
4.601915359497070201e-01
5.178789854049682395e-01
4.438212275505065696e-01
5.504069328308105469e-01
4.923353970050811657e-01
6.825466632843018022e-01
4.957653462886810192e-01
4.777598977088928223e-01
5.256825864315033403e-01
3.900823235511780007e-01
5.559476375579833762e-01
4.116312026977538840e-01
5.717466354370117632e-01
5.769042611122131570e-01
4.519877701997757069e-01
4.003821969032287376e-01
4.797390997409820557e-01
4.988860428333282693e-01
4.783496677875518910e-01
4.599426150321960227e-01
3.785516679286956565e-01
3.863018572330474965e-01
5.432645261287689653e-01
4.058833479881286399e-01
5.540049254894257036e-01
4.263505190610885620e-01
4.472580194473266824e-01
3.857916444540023804e-01
4.237214386463165061e-01
3.919197142124176136e-01
4.224582016468048096e-01
3.769813060760497936e-01
3.365316331386566384e-01
4.909971177577972523e-01
4.127064943313598633e-01
6.502626061439513716e-01
4.910034239292144775e-01
4.702530622482299916e-01
3.030667394399643166e-01
4.868030905723571555e-01
5.613705039024352583e-01
5.482467412948608398e-01
4.765849828720092884e-01
5.242384672164916992e-01
4.618068695068359153e-01
5.055630207061767578e-01
4.150637179613113625e-01
5.621551930904388206e-01
4.278970777988433949e-01
3.443746864795684814e-01
4.499061524868011586e-01
4.692676842212676891e-01
5.004366636276245117e-01
4.854765355587005726e-01
5.016247153282165083e-01
4.076269865036010742e-01
4.336188137531280518e-01
4.425148427486419456e-01
3.540325880050659291e-01
4.388573378324508445e-01
5.700145483016967329e-01
5.625990927219390869e-01
4.883115530014038308e-01
5.602953135967254639e-01
5.091191887855529563e-01
4.477451384067535622e-01
4.077253222465515026e-01
5.065791428089141402e-01
4.263068318367004284e-01
4.415402114391326904e-01
4.405282020568847545e-01
5.334358096122742143e-01
3.439333975315094216e-01
4.386346936225891113e-01
5.110664695501327959e-01
4.271093368530273215e-01
4.509328126907348744e-01
5.174140870571136697e-01
4.473339796066284069e-01
3.628272891044616588e-01
5.164810657501220925e-01
5.496493756771088091e-01
4.263278603553771751e-01
4.649105966091156006e-01
5.030078411102294478e-01
4.205835372209548728e-01
3.234122812747955433e-01
4.890949189662933128e-01
3.724721431732177512e-01
5.155141294002533181e-01
6.362858176231384055e-01
5.237524151802063210e-01
4.442164063453674094e-01
4.684473395347595326e-01
4.782700657844543568e-01
5.231274485588073286e-01
4.576386928558349720e-01
5.554585397243499978e-01
5.915357351303101030e-01
4.099288046360015647e-01
4.185015141963958629e-01
4.486961483955383412e-01
4.896842420101165660e-01
4.083007931709289329e-01
4.380450487136841042e-01
5.606066644191741721e-01
4.521952331066131370e-01
5.414434373378753662e-01
5.146745681762695535e-01
5.032817125320434570e-01
4.375038206577300803e-01
5.084172904491424116e-01
4.412718892097473034e-01
3.700432330369949341e-01
5.533318936824798140e-01
4.612637877464294545e-01
5.717112123966217041e-01
5.758973479270934615e-01
5.889593437314033508e-01
6.706700742244720015e-01
4.106688261032104270e-01
4.011487960815429688e-01
3.274148523807525746e-01
5.125888556241988692e-01
6.323846817016601785e-01
4.666909754276275524e-01
6.796840608119965044e-01
5.266124665737151878e-01
4.249594777822494618e-01
5.654188036918640359e-01
5.177289068698882613e-01
4.561344444751739280e-01
4.269427001476288064e-01
4.049455344676971547e-01
5.033282458782195601e-01
4.139376133680343628e-01
4.554389595985412487e-01
5.101256728172302024e-01
5.705191642045974731e-01
6.044949412345885786e-01
3.850214719772339089e-01
3.734532892704010010e-01
4.630333900451660267e-01
5.353866294026374817e-01
4.524263441562652588e-01
4.266484737396240012e-01
4.555669307708740123e-01
4.534615337848663108e-01
4.392629027366637962e-01
4.407308816909790150e-01
3.885369658470153587e-01
3.155268847942352406e-01
5.001915514469146284e-01
5.403362035751342329e-01
4.361805528402328269e-01
4.854964852333069070e-01
4.315968990325927956e-01
5.789867162704467329e-01
5.015180170536041038e-01
3.775519728660583496e-01
6.251918494701385054e-01
4.033972054719924816e-01
4.933660149574279896e-01
3.079216957092285045e-01
4.694920182228088379e-01
5.260602772235870583e-01
4.842537283897400124e-01
4.223600089550018089e-01
4.380696654319763406e-01
4.661551654338836892e-01
3.867615103721618874e-01
4.568747222423553689e-01
5.335988700389862061e-01
4.018443942070007435e-01
4.128728717565536277e-01
4.025789260864257590e-01
4.646933153271675110e-01
5.787305831909179688e-01
4.075503945350646973e-01
5.305787086486816184e-01
3.878752529621124490e-01
4.754723489284515270e-01
2.527096450328826793e-01
5.489954650402069092e-01
4.313154160976410134e-01
4.209546566009521595e-01
4.980634987354278786e-01
4.589281499385833851e-01
4.598336994647979625e-01
5.330653131008148415e-01
3.419511318206787109e-01
4.412367463111877552e-01
5.950839102268219438e-01
4.247089445590973011e-01
3.982549965381622092e-01
3.928763151168823131e-01
4.319389522075652854e-01
3.940128803253173939e-01
4.612572848796844260e-01
6.036898434162140115e-01
5.044444143772125466e-01
3.511183083057403675e-01
4.810996055603027344e-01
4.765788078308105247e-01
5.208364129066467285e-01
5.992315232753753218e-01
5.213341295719147173e-01
3.302817672491073497e-01
4.254573464393615612e-01
3.947139024734497292e-01
3.915446579456329235e-01
5.009883165359496626e-01
4.533480703830718994e-01
4.683541357517242432e-01
3.972017228603362815e-01
5.994382262229919212e-01
3.611084133386611716e-01
4.131191611289978249e-01
4.659946560859680176e-01
5.462069034576415572e-01
4.946533203124999778e-01
4.389575093984603993e-01
5.033153831958770974e-01
4.953344643115997203e-01
5.392627120018005371e-01
4.668840646743774303e-01
4.334448575973510742e-01
4.719149351119995006e-01
3.461221992969513161e-01
4.661234319210052490e-01
4.588179469108581432e-01
4.178958237171173096e-01
4.270709276199340931e-01
4.404405057430267334e-01
4.556650340557098500e-01
4.445254087448120006e-01
3.410516738891601340e-01
4.199101567268371804e-01
5.032121300697326438e-01
2.874526172876358254e-01
5.299378812313080278e-01
4.814443707466125599e-01
4.491757988929748757e-01
5.078713059425353782e-01
4.674088478088379017e-01
7.033587276935577837e-01
4.747136235237121582e-01
4.091349810361862294e-01
5.496925055980682595e-01
3.774624168872833252e-01
3.905178606510162354e-01
5.315564692020415816e-01
5.132442235946654829e-01
4.024277687072753684e-01
4.189177334308624157e-01
