2.067764362852175353e+00
2.245349561457572030e+00
2.105756455492362456e+00
2.236273620805636853e+00
2.165052239121772359e+00
2.187484031631094616e+00
2.233739158033286820e+00
2.141272563182313515e+00
2.198278647082616555e+00
2.095397096720504226e+00
2.063201816949134848e+00
2.171965645031584291e+00
2.237612723178140417e+00
2.080737211772734074e+00
2.263615642303053122e+00
2.144453643544236510e+00
2.244932744929946100e+00
2.226463547180355995e+00
2.248410626691375924e+00
2.031156367591854917e+00
2.063355582689838652e+00
2.153369992416529932e+00
2.074725807367837405e+00
2.182503962258315333e+00
2.211068623309484060e+00
2.115526213191834426e+00
2.182135709400526924e+00
2.123613607387956570e+00
2.283955517443576611e+00
2.008785649621945613e+00
2.095567511163244578e+00
2.178733921945591234e+00
2.125899192294316897e+00
2.144712350436573711e+00
2.222100848973974863e+00
2.292445521702085376e+00
1.945070115007214939e+00
2.401200062687894210e+00
2.195437759710885839e+00
2.042052522499403278e+00
2.206975868612711889e+00
2.188740022825890641e+00
2.117053020399872754e+00
2.169908499733501195e+00
2.294694652917065536e+00
2.143335879789672216e+00
2.214107033808784486e+00
2.098441979918034050e+00
2.277660338710044474e+00
2.208592879120244490e+00
2.170662916476675974e+00
2.337081004565068287e+00
2.315211068760146151e+00
2.135184978370330278e+00
2.275001338337008239e+00
2.143132799720125714e+00
2.190706088172555965e+00
2.254891290927786951e+00
2.301472817026043671e+00
2.120261724362670019e+00
2.275309170460394714e+00
2.298872318708859996e+00
2.277427622685542996e+00
2.360068192337109405e+00
2.330219745861928260e+00
2.502789475035558819e+00
2.513760966782582873e+00
2.348253418468503551e+00
2.222281901773103918e+00
2.374945802145019158e+00
2.510932708434312488e+00
2.494271383851861756e+00
2.614307264066201064e+00
2.364726361881129169e+00
2.497084825677585496e+00
2.280086168707117444e+00
2.255211250413454938e+00
2.282626177239097665e+00
2.516280501883735976e+00
2.223862219442688470e+00
2.363923431742606773e+00
2.438397057964722059e+00
2.622929543832179355e+00
2.585409943320060577e+00
2.302583954951922696e+00
2.662944534145510911e+00
2.327782282206587894e+00
2.289639245414352597e+00
2.451009475234041890e+00
2.430544827685206410e+00
2.403959014648547221e+00
2.306158020532604880e+00
2.531181541080354869e+00
2.343483145646203081e+00
2.394728659292875150e+00
2.638508672965563573e+00
2.515568289211220332e+00
2.406219730166926141e+00
2.636561995735288821e+00
2.408648355740657721e+00
2.333589326511204209e+00
2.348032447733729544e+00
2.410349752400731127e+00
2.491057279292610893e+00
2.520237774637356321e+00
2.561671078972542315e+00
2.523560256286859094e+00
2.292209748646132361e+00
2.371414976250610707e+00
2.428225391463125771e+00
2.649686295772060163e+00
2.535145702883770280e+00
2.427553405823680510e+00
2.567612666757529638e+00
2.495664621949702067e+00
2.730320410383990648e+00
2.467117883919397237e+00
2.516233698072788627e+00
2.817588655296437761e+00
2.526228476381472188e+00
2.728196905721974819e+00
2.832142619399044214e+00
2.660349505840137851e+00
2.798928652815671825e+00
2.708518330851700018e+00
2.441714255520149202e+00
2.789225706987659592e+00
2.448385758763667930e+00
2.494085181195083933e+00
2.637451670278274207e+00
2.586392465205781033e+00
2.665363659410423747e+00
2.590650862190982728e+00
2.627073133911111746e+00
2.498682891659874894e+00
2.493065631020865425e+00
2.646735348148114841e+00
2.515911937889541150e+00
2.771315143519752056e+00
2.579705315610702598e+00
2.465562181556542054e+00
2.752575176141192070e+00
3.037778195580254970e+00
2.803340635554057769e+00
2.696028580011115672e+00
2.674271835149468313e+00
2.572670609501340966e+00
2.841587842984288237e+00
2.747924916538566187e+00
2.730794374757171017e+00
2.662982351148784232e+00
2.768836380360566896e+00
2.801870172389048896e+00
2.678693641278105719e+00
2.737755858498970962e+00
2.877457744435226950e+00
2.607450031858287165e+00
2.853212901165869120e+00
2.738194614898435741e+00
2.839256435593080052e+00
2.875242674209890659e+00
2.877768803991497037e+00
2.844488111496941585e+00
2.650054434262008485e+00
2.879012256574102313e+00
2.932440144549238958e+00
2.897382214125271638e+00
2.765351895659756032e+00
2.961814580621739523e+00
2.881913511121862559e+00
2.901714843464299420e+00
2.834572585463427608e+00
2.902990743992892142e+00
3.092545073766196140e+00
2.827305339792982153e+00
3.121518333347102381e+00
2.973186891022996381e+00
2.754323291503482096e+00
2.950974767041500968e+00
2.756920681246552984e+00
2.726502080449907162e+00
2.735151766737108137e+00
2.942361868864160179e+00
2.611588153646823951e+00
2.858028000341746200e+00
2.808773603324629331e+00
3.046900242334253495e+00
2.912061020814864953e+00
2.935816965700261072e+00
2.849309804255668599e+00
3.245498604160071743e+00
2.825024586008685556e+00
2.898895062923644961e+00
2.904774085630597469e+00
3.082676056747240434e+00
2.901978812928822204e+00
2.942536344432660655e+00
2.950347163698646913e+00
2.992730377000076381e+00
3.153836246678187294e+00
3.009563694951401303e+00
2.892127484256589387e+00
3.121303230042386634e+00
3.088899735201387386e+00
3.230915257260811302e+00
2.804287986239039743e+00
2.751465081596342621e+00
3.340576965626020911e+00
3.005555449279505353e+00
3.077359887722611820e+00
3.064346246370527993e+00
3.107766559410008345e+00
3.273891658303371699e+00
2.937023561943547190e+00
3.459773202196709363e+00
2.934261361071038188e+00
2.876137562005772530e+00
3.154866493744266087e+00
3.155272186018359015e+00
3.222526484615293452e+00
3.268608640022010903e+00
3.019732798476903568e+00
2.974444119308895740e+00
3.016698131686273321e+00
3.038436869177844279e+00
3.002200513398354698e+00
3.101706666417045621e+00
3.083146481913854320e+00
3.209579531563646615e+00
3.378560812940408109e+00
3.241786355493079252e+00
3.123880132284388544e+00
3.048266337819722782e+00
3.117523733421254661e+00
3.393463438448211633e+00
3.211848560819909881e+00
3.142630037999901038e+00
3.279751011018068763e+00
3.295378039161684480e+00
3.197269379568924652e+00
3.087166110429381494e+00
3.104382321219453011e+00
3.288756856641051218e+00
3.117220187721368330e+00
3.198006427977274413e+00
3.186608721940430211e+00
3.009280769257019816e+00
3.198648139969972437e+00
3.213907437289044378e+00
3.477631846532559745e+00
3.206718000293145021e+00
3.184608058511967599e+00
3.253500117459918073e+00
3.068094820746846363e+00
3.486517891559182569e+00
3.215350151541970014e+00
3.457631760913166374e+00
3.291805104025931517e+00
3.340999378884477622e+00
3.386236488050765381e+00
3.294815361822906130e+00
3.266111948560934675e+00
3.207702231463867459e+00
3.523547373540746097e+00
3.087985879751551810e+00
3.291638138942021286e+00
3.142268964442661350e+00
3.160937881605736521e+00
3.421744679240015685e+00
3.455617767525506867e+00
3.249023397747833108e+00
3.589998961807231215e+00
3.133135486565359340e+00
3.254772295939186044e+00
3.236198371704524845e+00
3.364309579302614761e+00
3.661303536614764376e+00
3.146934051356108597e+00
3.295039728321824235e+00
3.483301892789496534e+00
3.182226993069200205e+00
3.073587063958122201e+00
3.221830001955109601e+00
3.324595664414177421e+00
3.452031987475699726e+00
2.945339970188798784e+00
3.492828185888489312e+00
3.331641585067033784e+00
3.316557526047755555e+00
3.339984292051879411e+00
3.333968189223991629e+00
3.456141634249886074e+00
3.498627653778561442e+00
3.220393636277136373e+00
3.333548224120059800e+00
3.370865378803779233e+00
3.287724177428438921e+00
3.410263610397798573e+00
3.175837431561031377e+00
3.401490130032384318e+00
3.229775842938302333e+00
3.334788765163462898e+00
4.012110949620399047e+00
3.656865474365166957e+00
3.584401500767008919e+00
3.089122313698984268e+00
3.525641408431787305e+00
3.646810073878530289e+00
3.129328316110951747e+00
3.333286910320826912e+00
3.814196635116978040e+00
3.309396589669545641e+00
3.212236531782004079e+00
3.345377286236729919e+00
3.198749541109485950e+00
3.605960579783283659e+00
3.543228774423056837e+00
3.540943596009596295e+00
3.175093763165524496e+00
3.377132515628958664e+00
3.151714340594248931e+00
3.402217550022057058e+00
3.275153391830830873e+00
3.514157488395019069e+00
3.172775237192876130e+00
3.239017739591281586e+00
3.357323379260428897e+00
3.531814745578804704e+00
3.210235227128405811e+00
3.288850755017031613e+00
3.365284163751324442e+00
3.348596056245937369e+00
3.438154573770511035e+00
3.670377175633944056e+00
4.038441411531279002e+00
3.595124537591275260e+00
3.698906172095965061e+00
3.604452238734732639e+00
3.582861606580826752e+00
3.672669912272117809e+00
3.501648710310002688e+00
3.248008002971624730e+00
3.393545429521636958e+00
3.166974313176546207e+00
3.453779673490793289e+00
3.451566916622642367e+00
3.244671951505252672e+00
3.590096832120603487e+00
3.335637466139593776e+00
3.490241918252199760e+00
3.369025802807187997e+00
3.192394756376969234e+00
3.614016418506750927e+00
3.561840973908003249e+00
3.766912089443263500e+00
3.465883844432349203e+00
3.595483690348273420e+00
3.583626416975045803e+00
3.523261877306387291e+00
3.643501645445464288e+00
3.422875582241042824e+00
3.394936523884810597e+00
3.405054238033876413e+00
3.456097637847545201e+00
3.527943972017600682e+00
3.498882379542548993e+00
3.426033658772759782e+00
3.241769131556717198e+00
3.438972808096828260e+00
3.490359542938749726e+00
3.591550877498441707e+00
3.263616723868069780e+00
3.605876820260678794e+00
3.310982860064210165e+00
3.510677791886750665e+00
3.499418861571751638e+00
3.498229733934331342e+00
3.550273771771729425e+00
3.805685319682602596e+00
3.180665026766863690e+00
3.597775610170868887e+00
3.615014570411032135e+00
3.808462259216653489e+00
3.503489553294371728e+00
3.444642756343780921e+00
3.666653539192253231e+00
3.495070291177664767e+00
3.806887890372205874e+00
3.509977334081712641e+00
3.604467485661114967e+00
3.796423673080984162e+00
3.445222346172882588e+00
3.332710244445329373e+00
3.458360846891406215e+00
3.690899472071274889e+00
3.635348648770402757e+00
3.516854272812990345e+00
3.522484144542040063e+00
3.482299572169565760e+00
3.512927022231700835e+00
3.699413728381623745e+00
3.222803207171307527e+00
3.415095270720235554e+00
3.565974051157480229e+00
3.745598661846840205e+00
3.415506022564912314e+00
3.722568454674705318e+00
3.604821854070928477e+00
3.767736991760412213e+00
3.537484639048408486e+00
3.855624830986530860e+00
3.521863958345837542e+00
3.466149448323861293e+00
3.411165080540909944e+00
3.739536426105980471e+00
3.945194526902461973e+00
3.681829210815715125e+00
3.597194869363773861e+00
3.728933816182887995e+00
3.614349513739644415e+00
3.515913430742427792e+00
3.657650005384419423e+00
3.709278946728520765e+00
3.400299608149275787e+00
3.335333819850273329e+00
3.715809892274154702e+00
3.601086930393521790e+00
3.316824139338983457e+00
3.792470966787331754e+00
3.267498167745683357e+00
3.609901273071649097e+00
3.594043021833435603e+00
3.770606852738826564e+00
3.688317345896591437e+00
3.327363482327422961e+00
3.395968546541151767e+00
3.788659010014999051e+00
3.417882086686862664e+00
3.783351286883958497e+00
3.651997555710498666e+00
3.538874617917349141e+00
3.240844989129112008e+00
3.739840054190856300e+00
3.283297241814718603e+00
3.815970678346687794e+00
3.394447260434672931e+00
3.728160220384799661e+00
3.611840964206895155e+00
3.224026176944798650e+00
3.568196903695638689e+00
4.213726589045997173e+00
3.670500982940343881e+00
3.429466190275675785e+00
3.295108275089607464e+00
3.672355381300934418e+00
4.123291837737629528e+00
4.153827586895363133e+00
3.426490189542634290e+00
3.568944573883973792e+00
3.488142108505003947e+00
3.578545541854503576e+00
3.588964234086802207e+00
3.512515505775582358e+00
3.462595999669010105e+00
3.122392107259287730e+00
3.684544364188510723e+00
3.561985428967148426e+00
3.530201277754311029e+00
3.467468136935308198e+00
3.479270012458623107e+00
3.395745950799990087e+00
3.443763682126731229e+00
3.479763329847253228e+00
3.303653514651401224e+00
3.758738259718628960e+00
4.378388503992262315e+00
3.750003287471648683e+00
3.668116338339395099e+00
3.752489465570456151e+00
3.511686357202994824e+00
3.346259361965658208e+00
4.358780775394945906e+00
3.890643806343438094e+00
3.467610472720631609e+00
3.382234473815883380e+00
3.795654097730170484e+00
3.455315002780966704e+00
3.201188151598808762e+00
3.275692032002863296e+00
4.001515510267779518e+00
3.804496964426546946e+00
3.812618849395437604e+00
4.038991206552068114e+00
3.835856634394089859e+00
3.670429804653060124e+00
3.868085975189555992e+00
3.696843912684711686e+00
3.379108958197624801e+00
3.695639835012454633e+00
4.199913089959836476e+00
3.146504530465967786e+00
3.606670620248651815e+00
3.949482516510030905e+00
3.565836418592982060e+00
3.320394594603659932e+00
3.608890573464609730e+00
3.918087468134406226e+00
3.306054931390505214e+00
3.710269125184358252e+00
4.131722842664233397e+00
3.522969455183889487e+00
3.479551197052223266e+00
3.753359506077019958e+00
3.526971635516211290e+00
3.570085644963878480e+00
3.687380415905590514e+00
3.923501232957907092e+00
3.739152110620448610e+00
3.425349676658043130e+00
3.564835419910632019e+00
3.624227668269509817e+00
3.813582753779909407e+00
3.436272507901207529e+00
3.512730937378238938e+00
3.692345630870294215e+00
4.080434443378949894e+00
3.744484807313396946e+00
3.908199281251339308e+00
4.325347881385367188e+00
3.901565442807548134e+00
4.026769491851775129e+00
3.796620973481969585e+00
3.847323284921786879e+00
3.761928916606399831e+00
3.593644475454482734e+00
4.120135003563348164e+00
4.258677268076751510e+00
3.416838489013691582e+00
3.581088889331800029e+00
3.494173026586061326e+00
3.498348079520786413e+00
3.622701777750167551e+00
3.728209732663527731e+00
3.894567014005338113e+00
3.852033735790495239e+00
3.328266566721729713e+00
4.006217245778703528e+00
3.317994709717783763e+00
3.572157402602579079e+00
3.637903015194515977e+00
3.196676428461031616e+00
3.606969505841777224e+00
3.151607976747396123e+00
3.753336439361881549e+00
3.800564720519622686e+00
3.618221689117222972e+00
3.492628352994331831e+00
3.854632116485814386e+00
3.873270370850744992e+00
3.028020694710830352e+00
3.541411703727956883e+00
3.734054587495038824e+00
3.545478061836956130e+00
4.071761381636705757e+00
3.571422834404831548e+00
3.588466605058320713e+00
3.591468933218194604e+00
3.753472091940405875e+00
3.159300032886793730e+00
3.404249087306659760e+00
3.607956160077952390e+00
4.068976802188156050e+00
3.881667161031064239e+00
3.750072408815796621e+00
3.533964937961750596e+00
3.566945702497605897e+00
3.704080539151906493e+00
3.510703289914133940e+00
4.648095376958488067e+00
3.869967475979152915e+00
3.424982473605914457e+00
3.664565678013249617e+00
3.649320721499718978e+00
3.905463490468268350e+00
3.766281430457491197e+00
3.153903704814325248e+00
3.158929912352062441e+00
3.414553931018323940e+00
3.910298821598345853e+00
3.958113470245761878e+00
3.696850333743836536e+00
3.900113413235868354e+00
4.127187960305989556e+00
3.502869331661327301e+00
3.501271563884679860e+00
4.665038407366014717e+00
3.455982487763536337e+00
3.504227178103537899e+00
4.140200682468505811e+00
4.111653792687278042e+00
3.647664233439035897e+00
3.988500817529855524e+00
3.617857941149596801e+00
3.787213723193715520e+00
3.973800413963955336e+00
3.632053309269793306e+00
3.571983646651880839e+00
3.371832583169746655e+00
3.726354154313822775e+00
3.526726417591907747e+00
4.456832967155608394e+00
3.812186619557230038e+00
3.691832322376929376e+00
4.682898348646226339e+00
3.561143710315721300e+00
4.006481635141404318e+00
3.489280394648288208e+00
4.123597964340223854e+00
3.500736788201741945e+00
3.895179397939992239e+00
3.607866023279984180e+00
3.692841616641280744e+00
3.479987399377722390e+00
3.902782473258567197e+00
3.496764605120353142e+00
3.832290563437672937e+00
3.694000600289440328e+00
4.398352487733714788e+00
3.464616673416376802e+00
3.714905946334957854e+00
3.537758963922322142e+00
3.460775609181163670e+00
3.878008958398686534e+00
3.664739080902608137e+00
3.665803949451805543e+00
3.815880531231683470e+00
4.291207192055859210e+00
3.729001859771505778e+00
3.488240072124778823e+00
3.734840751682827253e+00
3.499768616721734116e+00
3.723296842382691096e+00
3.551974366115809190e+00
3.493271055350681387e+00
3.840315713564379507e+00
3.993047054369924798e+00
4.040720798548572468e+00
3.446765814379324944e+00
3.887132774101725197e+00
3.471796695349754103e+00
3.930521203930795959e+00
3.632807721326220651e+00
3.373006665319217223e+00
4.214168142929271887e+00
4.126796075166737410e+00
3.829592069835631385e+00
3.876041378144107430e+00
3.455481862273332094e+00
3.627597406113324041e+00
3.907856236841888098e+00
3.727943439686711269e+00
3.507203842018432383e+00
3.612638562530461783e+00
3.709891176591466611e+00
3.536743173375259008e+00
3.564411929169223114e+00
3.330560289288748699e+00
3.255315060317189424e+00
4.368198065651050399e+00
3.887117493119736089e+00
3.529868689074614263e+00
4.140384280315506871e+00
4.189700106159124360e+00
3.395094470794770558e+00
3.612723440586774082e+00
3.994711630433789740e+00
3.551121818776465489e+00
3.586187106052614038e+00
3.734331130220025496e+00
3.465900260014806555e+00
3.822423872820725599e+00
3.612381183288743802e+00
3.598528373773217659e+00
3.539832968286393822e+00
3.988950940382291588e+00
3.447928099301978744e+00
3.618883292188569634e+00
4.117716567608096234e+00
4.139719698088818234e+00
2.979755285253452790e+00
3.905444343658164730e+00
3.561276118051724282e+00
3.324780702756145345e+00
3.625596809796977738e+00
3.636998215908344712e+00
3.710520156873618358e+00
3.679593728523685936e+00
4.536310888554842435e+00
3.711946451219535259e+00
3.567909688719236971e+00
3.472956449599387874e+00
4.066045066020320675e+00
4.239866146671820601e+00
3.733402689782473249e+00
3.722967284138830824e+00
4.427134771416299408e+00
3.751863895101791968e+00
3.580317276167926721e+00
3.698556474173816166e+00
3.299249387180365645e+00
3.668161447047465273e+00
3.425708645176149147e+00
3.386977268142654651e+00
4.022639754489701680e+00
3.821270722137600107e+00
3.520428799442088863e+00
4.263671007912173572e+00
3.961799199471347510e+00
3.807369672778639913e+00
3.996877667004416601e+00
3.750357465018612224e+00
3.499702250300319228e+00
3.495272567058889113e+00
3.769711614497961882e+00
3.690155828864275289e+00
3.693237445237352645e+00
3.927074896669300319e+00
4.074454756961800150e+00
3.420840101914273568e+00
4.296025700737936326e+00
4.111804307278251969e+00
3.731128770457650123e+00
3.898950106217391909e+00
3.313450551354109042e+00
3.992940297117553161e+00
3.587383301444873496e+00
3.712034940446594877e+00
3.523250826796139101e+00
4.180838881337302304e+00
3.757584650964990836e+00
3.608796361089078530e+00
4.083702439457516320e+00
3.663066838482373022e+00
3.656893203756249822e+00
3.436683401841696739e+00
3.839294632700593457e+00
3.642117638946472002e+00
4.099470927507619322e+00
3.451081565158619746e+00
3.669992568862080251e+00
3.754065972295196563e+00
3.922534429090749342e+00
3.801168722334254735e+00
3.160898865786441636e+00
3.627758632370562619e+00
3.572840198739149820e+00
4.043328573177039864e+00
4.357707299655255717e+00
3.094164222880622095e+00
4.058545498953067820e+00
3.795167410869370261e+00
3.518271285303794738e+00
4.424167690607760939e+00
3.999594628818826880e+00
3.473899147480614680e+00
3.668758098235277210e+00
3.735895763323609842e+00
3.541618741369653822e+00
3.743257803279059104e+00
3.395485477803198648e+00
3.468223106113055731e+00
3.396235721920380257e+00
3.777685456404007436e+00
4.097393669973036445e+00
3.649677977036078769e+00
3.450375483634442020e+00
3.616387643936328278e+00
4.026726907375217657e+00
3.933654246876596705e+00
3.997504266134042528e+00
4.226889158587137985e+00
3.730676206288857433e+00
3.656102243552876718e+00
3.455936527886141807e+00
3.360324157428369318e+00
3.921766412980042915e+00
3.399691405687157886e+00
3.613443443284185541e+00
3.520209375791849116e+00
4.294041708659306344e+00
4.536723512849879292e+00
3.595355574161829715e+00
3.858647365898312920e+00
3.882790989479971699e+00
3.873400034848408335e+00
3.573626095563325666e+00
3.182622296322337174e+00
4.239167456049168337e+00
4.180770079160852859e+00
3.771187943774104046e+00
3.925110542148873449e+00
3.499139991857585397e+00
3.797744387522688392e+00
3.465093928173082816e+00
3.783924046744908676e+00
3.813199604881633231e+00
3.711681301593452442e+00
3.586902712377340041e+00
3.757218945437390101e+00
3.755946813583963095e+00
3.410022692729358873e+00
4.265594444248881345e+00
3.825381501654463889e+00
3.440553746602097451e+00
2.881000458465450276e+00
3.422980312844362771e+00
3.694169042434916950e+00
4.043550111642322697e+00
4.150549487433547569e+00
3.654712160913398122e+00
3.686719066831582126e+00
3.119411331564220458e+00
3.224820020279947297e+00
4.503763311781825429e+00
3.355655181676468590e+00
3.507038883392905593e+00
3.559891936214595987e+00
3.714828952237641424e+00
3.507036902896645714e+00
4.256563659494323026e+00
4.291967324511984927e+00
3.746767279756446634e+00
3.162221228116693705e+00
4.067480468421357465e+00
3.665526480080435245e+00
3.948816099091399412e+00
3.672476390617844366e+00
4.230501999134509639e+00
3.644247084301388551e+00
3.747620637726625681e+00
3.164291573939423508e+00
3.382004130253357221e+00
3.425666771697858159e+00
4.003527632734971142e+00
4.337777063761409480e+00
3.720058641436889246e+00
3.867358832699047344e+00
3.436660860578256038e+00
3.885823086699368378e+00
4.298997568901552491e+00
3.806084111041926121e+00
3.607901267861160388e+00
4.368669638962283663e+00
3.723960102934104732e+00
2.923742268905669572e+00
4.114218138875320285e+00
4.545113836293920073e+00
3.943620377872157690e+00
4.212392093011964711e+00
3.516481109193380306e+00
4.086698917426872413e+00
3.596029687822936083e+00
4.148709931097652515e+00
3.961536135128871372e+00
3.296362775265694545e+00
4.285163961861744752e+00
3.735936154222699201e+00
3.052390203349026887e+00
3.387988065830127571e+00
3.283025931661476715e+00
3.622317015142418217e+00
3.390266917679094938e+00
3.455279557683870184e+00
3.977357426508496108e+00
4.522470451665642877e+00
3.545945188993393948e+00
3.585699133249478088e+00
3.654843016589898408e+00
3.627870572157415818e+00
4.214716011319496580e+00
3.649526766704760838e+00
3.676778113864499264e+00
3.412475828187367721e+00
3.547710425221827446e+00
4.168169300655842235e+00
4.176842800709589021e+00
3.229054936608118265e+00
4.331882552280055698e+00
4.427460110532736692e+00
3.990741495606912270e+00
3.651290629303775237e+00
3.527232920046927678e+00
4.224795330347025590e+00
3.655661661814175734e+00
3.120970410654935634e+00
3.657677819310371170e+00
3.727694044527517736e+00
3.838170063363738560e+00
3.358137572282895889e+00
3.532206267586423198e+00
3.322858588423672987e+00
3.935615510121053706e+00
3.534309424959950263e+00
3.488948081654487776e+00
3.725197653353130356e+00
3.746704408085471893e+00
3.833313797486133545e+00
4.187994833623244872e+00
3.648031604272812256e+00
4.201675546913709702e+00
3.614998313477916003e+00
3.658035548622147193e+00
3.697635179986225484e+00
4.256054150526971114e+00
3.598161316299153700e+00
3.751790614785634137e+00
3.383778349115251327e+00
3.870841608015828772e+00
3.928182767192204494e+00
3.601312479771118014e+00
3.665388757038473333e+00
3.680888320984400330e+00
4.131749785663711094e+00
3.672017285620369886e+00
3.244761823946507917e+00
4.077732072821839360e+00
3.956547963264587686e+00
4.998198732437562519e+00
3.046645682326923232e+00
3.593628702958263421e+00
3.233349582450194326e+00
3.170963397462780886e+00
3.564850063491364018e+00
3.847772387853904519e+00
4.153404834306619442e+00
3.589426699953336186e+00
4.138380433964004901e+00
3.447137350031685088e+00
3.855521204638589605e+00
3.234364369698854436e+00
3.970535335478504457e+00
4.157436198839637775e+00
4.141849943235357934e+00
4.491529057538622638e+00
4.239280204427407384e+00
3.718197485502884092e+00
3.940180539764466250e+00
3.343625194917775989e+00
3.884488742208810130e+00
3.711556127344988631e+00
3.745394463513199046e+00
3.984221475033140614e+00
3.722289649288430091e+00
4.447296253414068090e+00
3.801520257448366191e+00
3.708062814827954412e+00
3.888001069199115367e+00
4.064827727701117333e+00
3.790511910641236160e+00
4.684692275908751924e+00
3.634545782084015908e+00
3.851494746652851298e+00
3.627762529019611826e+00
3.652952228849579708e+00
3.542895961569827445e+00
3.672954782583111477e+00
3.600342733345302193e+00
4.107053529207365550e+00
4.138057912641376568e+00
3.942307267831504092e+00
3.788120603411051501e+00
3.301028533135236920e+00
3.591680178369141441e+00
4.036349918731703568e+00
3.799278858448174034e+00
4.028037353542481824e+00
3.983479408638979091e+00
3.815562650330093675e+00
3.540236432943018485e+00
3.514205274838613668e+00
3.891144968461732745e+00
3.911019700639747132e+00
3.589519633622782369e+00
4.629329284487891272e+00
3.783130347025631224e+00
4.338580278551599001e+00
3.874106445399680521e+00
3.520222637435669544e+00
3.672722031463434789e+00
3.561434965152936449e+00
4.537130660970181140e+00
3.716235256997430625e+00
3.812985550769015575e+00
3.933857298654298784e+00
3.603510885383903961e+00
3.787778349570254388e+00
3.667187789251919572e+00
3.766195064751875599e+00
4.119395502369408213e+00
3.849440094119555233e+00
4.037529236997803750e+00
3.838395316395723622e+00
3.640891012765222534e+00
4.013578646993430254e+00
3.602666416180933417e+00
3.239365747573322185e+00
3.819388520115624353e+00
4.229863786319814523e+00
3.918407778843624456e+00
4.261693617850464300e+00
3.629622530589319052e+00
3.563640866807598950e+00
3.797141281953327674e+00
4.197572270579409626e+00
4.327054011125493815e+00
3.590027832795717799e+00
3.944702375931910421e+00
4.450957912589273313e+00
3.843482784641694572e+00
3.582189015081507222e+00
3.908463496344547927e+00
3.239328396201390792e+00
3.819252988555202677e+00
3.159986424595163879e+00
4.092163020256007755e+00
4.007110244995431891e+00
3.584329502639489018e+00
3.935701584122335728e+00
4.410570802834067550e+00
3.720595288454393579e+00
4.229910333882583195e+00
3.837899278075492582e+00
4.588379020982593204e+00
3.571776712895677885e+00
3.107140321459997523e+00
4.215295338919620605e+00
3.520114886926894560e+00
3.258860483744035808e+00
3.859826604235354175e+00
3.946028149406582308e+00
3.388237099012389120e+00
4.109228367242190316e+00
3.827390560423787669e+00
4.013597104120307790e+00
4.294269560636097438e+00
4.159106776099702252e+00
3.632117457081825762e+00
3.980440465494654578e+00
3.936444290893883036e+00
3.573393061149655381e+00
3.642167361973770667e+00
3.745347232475758847e+00
4.247027734172487357e+00
3.339972175363434381e+00
4.610031502481603205e+00
3.717654548930870995e+00
3.707768842028357881e+00
4.291291529094948487e+00
4.307073285900353987e+00
3.798044220344805932e+00
3.529942147983766265e+00
3.759875827750515764e+00
3.372814593965999919e+00
3.730020032374608885e+00
3.446531276408708155e+00
3.696327015586254205e+00
4.267579748424753738e+00
4.073186359658879319e+00
3.967309173261445387e+00
4.548260181015884029e+00
3.621931554954374910e+00
3.596705090019978623e+00
3.813811535187330737e+00
3.586532469498584952e+00
4.163400403875952449e+00
3.793979455283200242e+00
3.707816704016289933e+00
4.070780697350390831e+00
4.128914671638238332e+00
3.551062312150966793e+00
3.759323895934159943e+00
3.652637844708271686e+00
3.964236209999473015e+00
3.832971096701183189e+00
3.686999776469636725e+00
4.061142202413815738e+00
4.290101003605409247e+00
3.667931357827725947e+00
4.072952566865677859e+00
3.452541296555274197e+00
3.760312967163572662e+00
4.147727189096743317e+00
3.596561320660013106e+00
3.650900874223597992e+00
3.853088085583394662e+00
3.710822104028950630e+00
3.320784097767116805e+00
3.611240112377254619e+00
4.143409383979090421e+00
5.034697640744841607e+00
4.075105371262844223e+00
3.299960727999915466e+00
3.734304125967651711e+00
3.596283744583212982e+00
3.461896848695330764e+00
3.683376783169489244e+00
3.402307844520830127e+00
3.923864421075030862e+00
4.696233054675247764e+00
3.724445434002738420e+00
3.775279595612399675e+00
4.176067265939242823e+00
4.515617100957651786e+00
4.263011782615410361e+00
3.368670171729612139e+00
4.120261622518554212e+00
3.587101261157128906e+00
4.068183231685840617e+00
4.448304647786356369e+00
3.288568035854751770e+00
3.586404707422579552e+00
4.239280278470560326e+00
4.497235523374807364e+00
3.213599281471720026e+00
3.866764184330891752e+00
3.591240671216388236e+00
3.939957516261379133e+00
2.949404995303453791e+00
4.492716191506449519e+00
4.122534874294160545e+00
3.977931185434853578e+00
3.479423527580784992e+00
4.769550115493585984e+00
4.209278279003733303e+00
3.872084944845662235e+00
4.458131415735877567e+00
3.697895435125261088e+00
4.081783482101259075e+00
3.865028812052453855e+00
4.112746429680765203e+00
3.749420532592184330e+00
3.391666735344535333e+00
4.900807388619472071e+00
4.440909267101710967e+00
3.218348625509942273e+00
4.334727770936875224e+00
4.061895354079950948e+00
3.631399636274002418e+00
4.418238810730075627e+00
3.609705461891354883e+00
3.745335404391066270e+00
4.359389829335513333e+00
4.562105057631852034e+00
4.399776968809011812e+00
4.162283633580532438e+00
3.827140011716522849e+00
3.444400142034654611e+00
4.578274005068256436e+00
4.171971884748232107e+00
4.015570592207560630e+00
4.178651724287906433e+00
4.439535191403628289e+00
3.660592864307868677e+00
3.434867870869009909e+00
3.671601595119260431e+00
4.074794978094274711e+00
3.392116706170293483e+00
3.641750878444907080e+00
4.343819631567602535e+00
3.841420003429875329e+00
3.875872636529652304e+00
3.236676160658903179e+00
3.784644614611193614e+00
4.116101761985354379e+00
3.612214228234337021e+00
3.876945040890868999e+00
3.530751408144641168e+00
4.466045171551331627e+00
3.838171524357368192e+00
3.475149403854468133e+00
3.440305906031308147e+00
4.416814576097496392e+00
3.582512250981694013e+00
4.210802662720039891e+00
4.225600822361458064e+00
3.131885325773301254e+00
5.045316827301361329e+00
3.794676062626507029e+00
3.853089333492136337e+00
3.094862905130393305e+00
3.976765846470319055e+00
4.015127239192051611e+00
3.648088896500929490e+00
4.299886959734017466e+00
3.741616869165032000e+00
3.939084912835730368e+00
4.552608663998864102e+00
3.929599926471745608e+00
4.105189523717967859e+00
3.431086793100503129e+00
3.881056085714252646e+00
3.836227625059739577e+00
4.017145293626567693e+00
4.106006603454586568e+00
4.252269483604316669e+00
3.640365464437991694e+00
3.698024496671103556e+00
4.020628636627781916e+00
3.538743175200690150e+00
4.590628887922981960e+00
3.126301465773856147e+00
4.025003680162807740e+00
3.406411038591092399e+00
3.881817390307455096e+00
4.022965958861772329e+00
5.328779616312999678e+00
3.781996435644564780e+00
4.571266138605150076e+00
3.937340491112194307e+00
4.526912216977801329e+00
4.044412865534992463e+00
4.280067777932551110e+00
3.507856332903207974e+00
4.358822277607208306e+00
3.314647562831855687e+00
3.694143697825657213e+00
4.152336886512239644e+00
3.493687987559109143e+00
3.672297799928151640e+00
5.429992005376598208e+00
3.962058278566856107e+00
4.210510621412661969e+00
4.139646609907264185e+00
3.297355338537101055e+00
4.034899230249947344e+00
3.307445975715892050e+00
4.465891067587890895e+00
3.646944456356922437e+00
3.765722442476826082e+00
4.417848750099947708e+00
4.026543495142619555e+00
3.566719670674754372e+00
3.549207824555141055e+00
4.099559593005582592e+00
4.337394746605155227e+00
4.019370465945935500e+00
3.564429724281210188e+00
4.323024175188941776e+00
4.848241760011812396e+00
3.775688420892564068e+00
3.689158647877774477e+00
3.625390547618987824e+00
4.085709785306215203e+00
4.111395015801035946e+00
3.139363039527934607e+00
4.348045000934575910e+00
4.783103324723350980e+00
4.587472352073517889e+00
3.652854751323654003e+00
3.107001220091639038e+00
3.893081683635350565e+00
4.541741781916523557e+00
3.289463645871513631e+00
4.275927887757096535e+00
4.246980877547981592e+00
4.671258935527737854e+00
3.626101212337692559e+00
4.218808252395105818e+00
3.963654014986343732e+00
3.766602256962453321e+00
3.592943543850221300e+00
3.613975216167716553e+00
4.367794270596555783e+00
4.239578016189168075e+00
3.409965385302206720e+00
4.471360689666121324e+00
3.467328662727727551e+00
4.473232000210574100e+00
4.275158133471550492e+00
3.240271296923088240e+00
3.014619863562762792e+00
3.874897569486173143e+00
4.507581345311534093e+00
4.185855270420904439e+00
3.991395721710411237e+00
3.850289974869390175e+00
3.866083279071144574e+00
4.004387238747582956e+00
3.317744324057211092e+00
4.178864665723246219e+00
4.106399128406059695e+00
4.101927998939530973e+00
4.047205989120565839e+00
3.696213458273428287e+00
3.910924082881035435e+00
3.525663863940571296e+00
4.022697454109086301e+00
3.683375025756931098e+00
3.530648352934693257e+00
3.996102749799791187e+00
4.212046289766121276e+00
3.971260517192929385e+00
3.466434148384413216e+00
4.677459003024245554e+00
3.751964003141972537e+00
3.988454259421309267e+00
4.263246918237098448e+00
4.332690810263847503e+00
3.575833225131968440e+00
3.783212390812590531e+00
3.776448027564578869e+00
3.893769003649141247e+00
4.453361297600404001e+00
3.780117210477776268e+00
3.539208189201134669e+00
4.309467702685419788e+00
4.068463177608901304e+00
3.633449550718875098e+00
3.708885512979207100e+00
3.323261129727442587e+00
4.002932122862908670e+00
4.153426633655130651e+00
4.209889722025605074e+00
4.483957811367704771e+00
3.492657509361344559e+00
4.429016455390986984e+00
3.676384893249140084e+00
4.414297392999199765e+00
4.613678370800982087e+00
3.494231498170373929e+00
4.060198321554529421e+00
3.529554200400693453e+00
4.033604523326292046e+00
3.645193808602015029e+00
4.285289126249046454e+00
3.648491677529958288e+00
4.473725785340676886e+00
4.152325615378967605e+00
3.520145008977383139e+00
4.323857121458609676e+00
5.094977603613498829e+00
3.664268499662263867e+00
4.151436996061193874e+00
3.568306770404588768e+00
4.114416118014183610e+00
4.261052416128501719e+00
3.788094407439037248e+00
3.624336604024235964e+00
4.301314383863263480e+00
3.698953197822330452e+00
4.817262382636787521e+00
4.008057455326448526e+00
4.002935677185050167e+00
3.938882060997925372e+00
4.183687634567968772e+00
4.325983708722450416e+00
3.672912616600345626e+00
3.520534452520074353e+00
4.189134586319944731e+00
4.039712946722159970e+00
4.067945854587536658e+00
3.839010543166950118e+00
3.405683232840989394e+00
4.459987237273379534e+00
4.632881658305597838e+00
4.444045477210262440e+00
4.162263990807272940e+00
3.688654133994378803e+00
3.619330460921141857e+00
4.733497218963163000e+00
3.688920232101622787e+00
3.735849004854520761e+00
3.452414735471498464e+00
3.887863195207442502e+00
3.911887976313374260e+00
3.566386860721066920e+00
3.596838742620845686e+00
3.359257455748839494e+00
2.646307478094555687e+00
4.020210230512310190e+00
3.370703410824584356e+00
3.592025838331857290e+00
4.766517111306176169e+00
3.944222889664745324e+00
3.644844243332930223e+00
5.222756801951164540e+00
4.276886948784212272e+00
4.076483391748012330e+00
3.878205948782324164e+00
4.239147659936135959e+00
4.424706171626053397e+00
4.447787179950421610e+00
3.778357042645094310e+00
4.142468631592032935e+00
3.771453430178513866e+00
3.610999202439550970e+00
3.820610957775743000e+00
4.587512868075668493e+00
3.780804657826489112e+00
4.015652467289131167e+00
3.445973621751857507e+00
3.650011917786148086e+00
4.106799819428673892e+00
3.143682898361524369e+00
4.039931559812388606e+00
3.881566033829814799e+00
4.962200456201727228e+00
3.908305427614177319e+00
4.294234308455574300e+00
3.830333421793529425e+00
4.437567797456046570e+00
3.743205320924314794e+00
3.625073409844532080e+00
3.913473960479379787e+00
4.160821743875145806e+00
4.324381294684924271e+00
4.203163401499128149e+00
3.387696715964100491e+00
3.970372798781140133e+00
5.018932348942269250e+00
3.471165971426038332e+00
3.369906124949046955e+00
4.320873296053115986e+00
3.533695894012097938e+00
4.381402492426897943e+00
5.386715659288839220e+00
4.293930738701768668e+00
4.032411831139777192e+00
4.406367757094362680e+00
4.404234542425365717e+00
4.065255281754742711e+00
3.776010034908214852e+00
4.720312166084769778e+00
3.912850670201343029e+00
4.587384833783329618e+00
3.643589041727767874e+00
4.570763111843739956e+00
3.265072970764167692e+00
4.324153081596039172e+00
3.415388989795197450e+00
3.933989845736689528e+00
3.784559965129202563e+00
3.374792692583922449e+00
3.301063317207278747e+00
3.546300847419805446e+00
4.056303225596072259e+00
4.433485464339118387e+00
4.307866429107658490e+00
3.527214240767785558e+00
4.643007547361537313e+00
4.144347738616249721e+00
4.431501785989365949e+00
4.789435644086671218e+00
3.692609023403479629e+00
3.538885956874578298e+00
3.754379792409080263e+00
3.910736625370840436e+00
3.676151543402111255e+00
3.372908017432127536e+00
4.005211105812721328e+00
3.501453506577682617e+00
3.749120596161382934e+00
4.098721574226670938e+00
3.726073773253074428e+00
4.088824678854982686e+00
4.037055111035949828e+00
3.304395088761784116e+00
3.794689724439790801e+00
3.532609688039962226e+00
3.282972838749918854e+00
4.042106389998863847e+00
3.530221844195728487e+00
3.753905952118106626e+00
3.726686828973063026e+00
3.931299981628259221e+00
3.500095943370895579e+00
3.809585331520132012e+00
4.136687593642730754e+00
3.924457382563082852e+00
4.467528170921426067e+00
3.497066689528978589e+00
4.123215563307302212e+00
4.413403615793595414e+00
3.444816481501045580e+00
4.020133443648918892e+00
3.568373199335512780e+00
3.822635202660011888e+00
3.287868058792046355e+00
3.880195150322569564e+00
4.235497459952141774e+00
3.840818418991467365e+00
3.693384797438180822e+00
3.944882522789358692e+00
3.918406007200260444e+00
4.321718330212726222e+00
3.755731103638482615e+00
3.336449185797835337e+00
3.348127369973821210e+00
3.758770905149263708e+00
3.748063116410100815e+00
4.203420215200977417e+00
4.167010925708469316e+00
3.191176082055508623e+00
3.182191953578569432e+00
4.529116936135625160e+00
3.979268781824489842e+00
3.559893919476669222e+00
3.729522126647251579e+00
5.384251580519175739e+00
4.252182873047299694e+00
4.155141233184563632e+00
3.937386754579108583e+00
3.809139261261665244e+00
3.478147036219713772e+00
3.840429286827621969e+00
4.198646877456200244e+00
4.147784738115976921e+00
3.929139787806794626e+00
3.993549716917574877e+00
4.392504269390345328e+00
3.904849381235747430e+00
3.606921474825578677e+00
3.307248506755567252e+00
4.426513786465828382e+00
4.316858111719295898e+00
3.432549674869913581e+00
4.019752399549188837e+00
3.877481515447304794e+00
3.233474550798445257e+00
3.443093206214154822e+00
3.514615937995217099e+00
3.717997463913949474e+00
3.596228864528030034e+00
3.875873130255004906e+00
4.280792571043910755e+00
4.081337899654562840e+00
3.625028468704815765e+00
4.269389630088253895e+00
4.193484108546379652e+00
4.645999387544279990e+00
4.395846452132749604e+00
4.319392642287115613e+00
4.223638353651284483e+00
4.266888406678098988e+00
3.512987876100397422e+00
4.470188342242902735e+00
3.823842915250306174e+00
4.064574278062647927e+00
3.976531824569434992e+00
3.675725438970779635e+00
3.992472714901113662e+00
3.584180127359357204e+00
4.648499344150675228e+00
3.517014298799324035e+00
3.887209529198989433e+00
4.250352218489077849e+00
3.344105923542792791e+00
3.839049446839664093e+00
4.806433956442913491e+00
3.509796863048549653e+00
3.239834555294010876e+00
4.116337001608875390e+00
3.719723581348339803e+00
3.414344219011055337e+00
3.668452679326991372e+00
3.717054290435619190e+00
4.134156529892162091e+00
3.203411685650048746e+00
3.487223713693247351e+00
4.876563478058685952e+00
3.800443331380793044e+00
4.120775836162473560e+00
3.985559233641202681e+00
4.319415034681781229e+00
3.860369609795347490e+00
3.781728150696667790e+00
4.194247614632473642e+00
3.828198521731683623e+00
4.102788241678779535e+00
4.021684081961851120e+00
2.992365474114179857e+00
4.057703505071550865e+00
4.740441538339437599e+00
3.742760312699755065e+00
3.414838470770046097e+00
3.178662155885774609e+00
3.509387920043828046e+00
4.108174133942356754e+00
4.025443026994323326e+00
4.572230875912655534e+00
3.844404650459441797e+00
3.956435200183770817e+00
4.463148264850878455e+00
3.966006034733003283e+00
4.134961230332567794e+00
3.164747694104901754e+00
4.138634563811655731e+00
4.261447647753821677e+00
3.885537554176158981e+00
3.654758314563370636e+00
3.657823279915808801e+00
3.876252710832761572e+00
4.625903161100813676e+00
4.191298563899375829e+00
4.370742402329407916e+00
3.486836013111553445e+00
3.682686446881906939e+00
4.149889090727450380e+00
3.419640638297873902e+00
3.892398460568526009e+00
4.244781127081590277e+00
3.876466395884836214e+00
3.873325615688490764e+00
4.822376539798012729e+00
3.835393517442666322e+00
3.472527447232446995e+00
4.466257863005459683e+00
3.852057549343861798e+00
4.287710112408109175e+00
3.046000411342501657e+00
4.016456735723966887e+00
3.589843528243187087e+00
3.526136253713896718e+00
4.185158726369613724e+00
3.923817785311939144e+00
4.755556395196439468e+00
3.895967389859261498e+00
4.231667784701913959e+00
4.116080406436704919e+00
2.972002479303426092e+00
4.565281648900989531e+00
3.373422101596581069e+00
3.686880500689481810e+00
4.166782588159063216e+00
4.023956643768470620e+00
3.354499067837018345e+00
3.829072969614597088e+00
4.086877356732419031e+00
4.309755565639878050e+00
3.999977461263295453e+00
3.174977284551260048e+00
3.493353266634994014e+00
4.000235793755660296e+00
3.421646027901867448e+00
4.389272343702828039e+00
3.192555015237403371e+00
4.081545476931822236e+00
3.820237878326024905e+00
3.740701148281437405e+00
3.295104429847631966e+00
3.083539302995031317e+00
3.160828738506850755e+00
3.110118143638373578e+00
4.130778887292118284e+00
3.320363807248209120e+00
4.306808210851404972e+00
3.794808193062925827e+00
4.141395319987285717e+00
3.040581257406231863e+00
3.833498361356889372e+00
4.505681315965183842e+00
4.350447629936514460e+00
3.624359348777462575e+00
4.025826116170708069e+00
3.415906250980714542e+00
4.371675130288726230e+00
4.208933742363122121e+00
4.225969973018253611e+00
3.871390635485218557e+00
3.911094703413655616e+00
3.759526449001894477e+00
3.680190261986248768e+00
4.177652982961602923e+00
4.010643634575417060e+00
4.053666341246013438e+00
3.944381736413629547e+00
3.736733462374381531e+00
3.892361583127326607e+00
3.230584867701753460e+00
3.816559567477694870e+00
3.898168556499755244e+00
4.563809407124670869e+00
3.975537472395101801e+00
4.153486418847803563e+00
5.062737402516241048e+00
3.402067584393570154e+00
3.649412843062945999e+00
4.321871153625807871e+00
3.113534877782873966e+00
3.705514291330093357e+00
3.531523545186858293e+00
4.277561786259599153e+00
3.308604958056513556e+00
4.101116147461464578e+00
3.785816903061027361e+00
4.297759591310061467e+00
4.704704296571310174e+00
4.365551433961678995e+00
3.442305086746839216e+00
3.394167032147306085e+00
4.364481496571119834e+00
4.425724023472383806e+00
3.376692115660835825e+00
4.876920595691725424e+00
3.779814410235903033e+00
3.725147713591285825e+00
3.177100889660518845e+00
4.002297491455848899e+00
3.417673401044249548e+00
4.015746650513071003e+00
4.872974464250686033e+00
3.635504507253152884e+00
3.713929829151740858e+00
3.316533043494009458e+00
4.190356631265015785e+00
4.400154968520383569e+00
4.325755503590881901e+00
3.899709456296287513e+00
4.105819706082683318e+00
4.301518842799730180e+00
3.425791698618085412e+00
3.759509645132160127e+00
4.131082693698220787e+00
3.562610027807036062e+00
3.461329912303485301e+00
4.427796986253844658e+00
4.933888452966509242e+00
4.589347785999464691e+00
4.304195493431723030e+00
4.571243643921420130e+00
3.551281814966294803e+00
3.994479600069789083e+00
3.932570091192193917e+00
3.380572530944951470e+00
4.303379879239427552e+00
4.035803131212763795e+00
4.880258717652273148e+00
4.821899661175894636e+00
4.307268384279603346e+00
4.505530920067146283e+00
3.797313155125506601e+00
3.444807947161206307e+00
3.295457102622065815e+00
3.590689987490915058e+00
4.477343526292577813e+00
3.687090432530440776e+00
4.739157583787574346e+00
3.798013416790884555e+00
3.647651321300540594e+00
4.396051709885523628e+00
3.941326105296039550e+00
4.213796711225429092e+00
3.330589337707148267e+00
3.519350286441075504e+00
3.494240921152480084e+00
3.724514722639257869e+00
3.958788021244308286e+00
4.272845100325848300e+00
4.763473566326336339e+00
4.374701166376235406e+00
3.734604133070160703e+00
3.449815612343452464e+00
3.746065569498050252e+00
4.715885552909681699e+00
3.514119374863026390e+00
3.881335247008090406e+00
3.798128537640663716e+00
3.428379614292660804e+00
3.848547635812344048e+00
3.808355199442078121e+00
3.569372830054544199e+00
3.067404405309436033e+00
4.493873096571765480e+00
4.380615018253177340e+00
4.918514468981630472e+00
3.689826825028285295e+00
3.751967991687400694e+00
4.739998801390187921e+00
4.241944939719252794e+00
3.684064649943170622e+00
4.449119587996196223e+00
3.837017758092041042e+00
4.555011791415016553e+00
2.918431296445562761e+00
4.186958891858955312e+00
4.998456488117033025e+00
3.553596042570346114e+00
3.731429083433969396e+00
3.824312561201206773e+00
3.652315162535745507e+00
2.969091406628850294e+00
3.490038136872423813e+00
4.284407213044441498e+00
3.283773429588210391e+00
4.048331804536223544e+00
3.666344334417277917e+00
4.254128490041375166e+00
4.591817831166721042e+00
3.685700287835717237e+00
4.428333382586222555e+00
4.178947407327994412e+00
4.289463333549728752e+00
2.686642527189162966e+00
4.187984525553805071e+00
4.301066320394236975e+00
3.532768971935910329e+00
4.504870811396224362e+00
4.443054575632793934e+00
3.816518038091526677e+00
3.706143786243515592e+00
3.968202834942002877e+00
3.601523393770897030e+00
4.325963987523797627e+00
3.935601571828980738e+00
3.905570473959155020e+00
3.289901588144408251e+00
4.558583698615707114e+00
3.843763107915237232e+00
3.484241147623641233e+00
4.309100602396075175e+00
4.352407828200543172e+00
3.400447910305336663e+00
3.753524708118114006e+00
4.369914829326515537e+00
4.254637145592775838e+00
4.161729777019850474e+00
5.196999439114197372e+00
3.382128101632935202e+00
3.890739414086037407e+00
3.626690713795471588e+00
3.785068272033124348e+00
4.297433207302900904e+00
3.883247350441359380e+00
4.434635613364568130e+00
4.113652613232804178e+00
3.974817893441418448e+00
3.335213687128216087e+00
3.776630514991822452e+00
3.034070754034226436e+00
4.222609311348044514e+00
5.107985943353259728e+00
3.709381167099441434e+00
4.405504630098151075e+00
4.051859294924183175e+00
3.975110802730863480e+00
3.778149916098825223e+00
3.528003868743041060e+00
4.551297507390751562e+00
3.858068240512380065e+00
3.995082289278816923e+00
3.831084460273937786e+00
4.132720987740485796e+00
3.592630892724774760e+00
4.473630644066814988e+00
4.116163122044405931e+00
3.765237083027930698e+00
3.473536298414773960e+00
3.673584147509590725e+00
4.350113983129277884e+00
3.645541958111929048e+00
4.207988969050020067e+00
4.262274855533673801e+00
3.565808723737825758e+00
4.480129547704909676e+00
4.155706912090058047e+00
4.846877298336649709e+00
3.867884850543029440e+00
3.561295281089031484e+00
5.103865137332979529e+00
3.705892913568102465e+00
4.033866719787769561e+00
3.853231391387899496e+00
5.063068510730905913e+00
3.213784830570677542e+00
3.756150320582253510e+00
